#clock	 output	 A	 B	 C	 N0	 N1	 N2
-1	 -70	 -100	  -100	 -100	 -70	  -70		-70
0	-68.8642	0	-100	-100	-68.7123	-66.7707	-68.0483	
1	-69.6669	0	-100	-100	-27.1472	-71.9108	-42.7491	
2	-72.2362	0	-100	-100	0	-73.7736	-9.55813	
3	-74.1066	0	-100	-100	-58	-73.6616	0	
4	-75.2192	0	-100	-100	0	-66.1521	-58	
5	-68.63	0	-100	-100	-58	-68.1331	0	
6	-67.6532	-100	-100	-100	0	-69.5639	-58	
7	-68.133	-100	-100	-100	-58	-71.1196	0	
8	-70.63	-100	-100	-100	0	-69.8929	-58	
9	-66.0246	-100	-100	-100	-58	-66.1691	0	
10	-70.7977	-100	-100	-100	-5.41474	-73.1944	-58	
11	-72.4593	-100	-100	-100	0	-68.4834	0	
12	-72.3036	-100	-100	-100	-58	-68.9514	-58	
13	-66.5648	-100	-100	-100	-28.8749	-73.395	0	
14	-73.0772	-100	-100	-100	0	-69.7456	-58	
15	-65.679	-100	-100	-100	-58	-69.8771	-11.804	
16	-72.4722	-100	-100	-100	-44.498	-70.5998	0	
17	-70.6285	-100	-100	-100	-34.6312	-67.0087	-58	
18	-72.1784	-100	-100	-100	0	-71.6239	-18.9129	
19	-71.5988	-100	-100	-100	-58	-67.2531	0	
20	-69.0282	-100	-100	-100	-55.689	-70.4531	-58	
21	-67.7487	-100	-100	-100	-52.751	-66.6445	-18.0762	
22	-70.5762	0	-100	-100	-48.7607	-71.821	0	
23	-70.6225	0	-100	-100	-13.6516	-70.7216	-58	
24	-72.3762	0	-100	-100	0	-70.146	0	
25	-66.0062	0	-100	-100	-58	-69.6472	-58	
26	-71.486	0	-100	-100	0	-71.0806	0	
27	-69.0694	0	-100	-100	-58	-69.5345	-58	
28	-70.8583	-100	-100	-100	0	-71.5602	0	
29	-71.819	-100	-100	-100	-58	-65.9711	-58	
30	-69.5581	-100	-100	-100	0	-73.0351	0	
31	-70.13	-100	-100	-100	-58	-65.647	-58	
32	-66.8112	-100	-100	-100	-5.59707	-73.1826	0	
33	-71.7387	-100	-100	-100	0	-71.6585	-58	
34	-66.4722	-100	-100	-100	-58	-69.5994	0	
35	-70.3542	-100	-100	-100	-30.1147	-72.7558	-58	
36	-72.5487	-100	-100	-100	0	-69.0875	0	
37	-67.8256	-100	-100	-100	-58	-68.8172	-58	
38	-73.284	-100	-100	-100	-44.1861	-67.8661	0	
39	-68.8325	-100	-100	-100	-34.6176	-67.9943	-58	
40	-70.901	-100	-100	-100	0	-69.1212	-19.1438	
41	-71.9482	-100	-100	-100	-58	-73.1342	0	
42	-69.8614	-100	-100	-100	-52.9134	-69.01	-58	
43	-66.7053	-100	-100	-100	-45.4472	-70.7929	-22.2462	
44	-69.0501	0	-100	-100	-43.0165	-69.0959	0	
45	-70.1719	0	-100	-100	-12.3734	-72.2974	-58	
46	-69.6682	0	-100	-100	0	-68.2905	0	
47	-68.4909	0	-100	-100	-58	-69.5879	-58	
48	-71.3302	0	-100	-100	0	-69.4903	0	
49	-67.1391	0	-100	-100	-58	-74.7365	-58	
50	-72.2208	-100	-100	-100	0	-67.6085	0	
51	-68.7369	-100	-100	-100	-58	-72.8305	-58	
52	-73.5759	-100	-100	-100	0	-69.7405	0	
53	-65.8823	-100	-100	-100	-58	-69.1594	-58	
54	-77.5514	-100	-100	-100	-6.32555	-70.5204	0	
55	-67.1958	-100	-100	-100	0	-68.4849	-58	
56	-72.9579	-100	-100	-100	-58	-73.2717	0	
57	-72.8542	-100	-100	-100	-29.6667	-68.4886	-58	
58	-70.0492	-100	-100	-100	0	-71.0654	0	
59	-68.6365	-100	-100	-100	-58	-70.3235	-58	
60	-67.7476	-100	-100	-100	-43.0958	-71.1679	0	
61	-70.0395	-100	-100	-100	-35.9616	-72.8963	-58	
62	-71.1241	-100	-100	-100	0	-71.2293	-15.3619	
63	-70.8174	-100	-100	-100	-58	-67.6284	0	
64	-66.819	-100	-100	-100	-55.1964	-68.6688	-58	
65	-68.4937	-100	-100	-100	-46.6197	-71.5301	-20.193	
66	-70.1463	0	-100	-100	-43.7536	-71.8085	0	
67	-72.8047	0	-100	-100	-16.0924	-68.7956	-58	
68	-69.5806	0	-100	-100	0	-70.0856	0	
69	-69.8843	0	-100	-100	-58	-69.277	-58	
70	-68.3132	0	-100	-100	0	-69.7343	0	
71	-72.9785	0	-100	-100	-58	-72.8926	-58	
72	-67.9816	-100	-100	-100	0	-68.8139	0	
73	-73.6073	-100	-100	-100	-58	-72.7309	-58	
74	-67.9128	-100	-100	-100	0	-68.1702	0	
75	-73.853	-100	-100	-100	-58	-71.2025	-58	
76	-66.2518	-100	-100	-100	-1.28759	-73.0224	0	
77	-71.377	-100	-100	-100	0	-71.2646	-58	
78	-70.8487	-100	-100	-100	-58	-71.7024	0	
79	-67.9616	-100	-100	-100	-29.7931	-67.7177	-58	
80	-72.8716	-100	-100	-100	0	-68.3762	0	
81	-68.8349	-100	-100	-100	-58	-68.5839	-58	
82	-71.5777	-100	-100	-100	-46.0333	-74.2783	0	
83	-69.5632	-100	-100	-100	-35.69	-73	-58	
84	-70.4349	-100	-100	-100	0	-71.4557	-17.8295	
85	-72.4535	-100	-100	-100	-58	-67.3474	0	
86	-69.8341	-100	-100	-100	-50.483	-72.2762	-58	
87	-71.6498	-100	-100	-100	-52.705	-75.2174	-15.9312	
88	-70.0336	0	-100	-100	-48.3993	-66.4467	0	
89	-70.29	0	-100	-100	-16.184	-68.1225	-58	
90	-71.6992	0	-100	-100	0	-73.9051	0	
91	-69.2692	0	-100	-100	-58	-73.2011	-58	
92	-70.1213	0	-100	-100	0	-67.7046	0	
93	-69.2901	0	-100	-100	-58	-70.9908	-58	
94	-69.8673	-100	-100	-100	0	-73.1976	0	
95	-72.6802	-100	-100	-100	-58	-65.9268	-58	
96	-65.4216	-100	-100	-100	0	-74.4732	0	
97	-72.4217	-100	-100	-100	-58	-66.4131	-58	
98	-67.4603	-100	-100	-100	-3.43835	-68.6365	0	
99	-68.0225	-100	-100	-100	0	-68.6321	-58	
100	-71.5965	-100	-100	-100	-58	-71.7238	0	
101	-68.1151	-100	-100	-100	-31.0297	-68.4181	-58	
102	-68.2681	-100	-100	-100	0	-70.5369	-1.28886	
103	-69.4024	-100	-100	-100	-58	-70.1679	0	
104	-67.3965	-100	-100	-100	-48.3445	-70.0641	-58	
105	-68.3964	-100	-100	-100	-39.3589	-69.8196	-11.2606	
106	-72.2651	-100	-100	-100	-15.1805	-72.4394	0	
107	-71.158	-100	-100	-100	0	-68.0015	-58	
108	-67.0059	-100	-100	-100	-58	-72.5322	-28.4476	
109	-73.4288	-100	-100	-100	-55.7983	-69.2714	0	
110	-72.4471	-100	0	-100	-53.4521	-67.2911	-58	
111	-67.7047	-100	0	-100	-54.6453	-60.9986	-31.2758	
112	-69.6346	-100	0	-100	-54.831	-58.2152	0	
113	-70.2588	-100	0	-100	-54.7153	-59.3572	-58	
114	-69.9093	-100	0	-100	-52.8831	-56.2275	-32.7507	
115	-70.9926	-100	0	-100	-56.7393	-51.7012	0	
116	-72.9691	-100	-100	-100	-58.3485	-47.017	-58	
117	-69.243	-100	-100	-100	-56.951	-51.6716	-38.9138	
118	-71.0023	-100	-100	-100	-60.5243	-49.8396	-0.958736	
119	-71.9173	-100	-100	-100	-63.6295	-49.2248	0	
120	-75.1776	-100	-100	-100	-63.0133	-47.2904	-58	
121	-68.9289	-100	-100	-100	-60.0977	-56.2974	-48.4174	
122	-70.8715	-100	-100	-100	-61.0616	-57.0577	-44.3914	
123	-71.6053	-100	-100	-100	-61.422	-57.0353	-38.6025	
124	-70.6233	-100	-100	-100	-57.8243	-60.3811	-6.95934	
125	-71.5283	-100	-100	-100	-56.8401	-60.4109	0	
126	-71.0505	-100	-100	-100	-54.9697	-57.0741	-58	
127	-72.2612	-100	-100	-100	-57.3107	-58.1935	-55.8636	
128	-71.583	-100	-100	-100	-57.817	-64.1081	-48.6374	
129	-71.6763	-100	-100	-100	-56.8256	-66.7339	-49.9311	
130	-70.9883	-100	-100	-100	-60.7925	-67.2998	-49.1931	
131	-67.9491	-100	-100	-100	-60.8205	-64.34	-51.4793	
132	-68.4871	0	-100	-100	-64.7706	-66.7601	-50.7712	
133	-66.2095	0	-100	-100	-23.0287	-64.2198	-28.7164	
134	-65.7863	0	-100	-100	0	-66.6187	0	
135	-69.5756	0	-100	-100	-58	-67.0843	-58	
136	-69.5774	0	-100	-100	0	-69.116	0	
137	-68.2884	0	-100	-100	-58	-68.4701	-58	
138	-69.9744	-100	-100	-100	0	-72.6598	0	
139	-71.6464	-100	-100	-100	-58	-74.1841	-58	
140	-69.1535	-100	-100	-100	0	-67.2851	0	
141	-73.7278	-100	-100	-100	-58	-73.4788	-58	
142	-67.6316	-100	-100	-100	-1.81964	-63.7597	0	
143	-71.7171	-100	-100	-100	0	-71.5069	-58	
144	-68.9962	-100	-100	-100	-58	-69.4906	0	
145	-68.654	-100	-100	-100	-30.0427	-72.0954	-58	
146	-72.6174	-100	-100	-100	0	-67.955	0	
147	-71.1905	-100	-100	-100	-58	-69.9366	-58	
148	-67.4889	-100	-100	-100	-45.9412	-70.2987	0	
149	-67.8376	-100	-100	-100	-37.8024	-69.0663	-58	
150	-71.0202	-100	-100	-100	0	-70.7173	-16.0076	
151	-73.6263	-100	-100	-100	-58	-68.7203	0	
152	-68.7988	-100	-100	-100	-52.4315	-71.6613	-58	
153	-68.1991	-100	-100	-100	-46.0897	-67.9363	-14.1874	
154	-70.246	0	-100	-100	-42.2371	-68.0795	0	
155	-73.2059	0	-100	-100	-11.0561	-69.1876	-58	
156	-70.9646	0	-100	-100	0	-68.8415	0	
157	-71.559	0	-100	-100	-58	-72.4658	-58	
158	-69.633	0	-100	-100	0	-65.2736	0	
159	-70.5905	0	-100	-100	-58	-70.6802	-58	
160	-70.8412	-100	-100	-100	0	-71.6404	0	
161	-68.1743	-100	-100	-100	-58	-68.7414	-58	
162	-72.6973	-100	-100	-100	0	-68.776	0	
163	-72.5836	-100	-100	-100	-58	-70.031	-58	
164	-69.2721	-100	-100	-100	-4.68941	-71.0486	0	
165	-66.6927	-100	-100	-100	0	-70.057	-58	
166	-72.6912	-100	-100	-100	-58	-70.0849	0	
167	-64.4583	-100	-100	-100	-28.8892	-71.6791	-58	
168	-74.7043	-100	-100	-100	0	-65.6921	-2.04441	
169	-64.9565	-100	-100	-100	-58	-70.0928	0	
170	-72.367	-100	-100	-100	-46.4463	-70.0221	-58	
171	-67.5214	-100	-100	-100	-36.9928	-74.1349	-7.95515	
172	-69.0773	-100	-100	-100	0	-66.2296	0	
173	-73.8288	-100	-100	-100	-58	-71.2062	-58	
174	-69.5814	-100	-100	-100	-54.1009	-68.6548	-10.5351	
175	-71.5418	-100	-100	-100	-50.4172	-70.4214	0	
176	-69.0579	-100	-100	0	-46.6457	-71.7251	-58	
177	-69.1004	-100	-100	0	-47.5289	-45.1051	-33.5626	
178	-69.6315	-100	-100	0	-46.6795	-36.9832	0	
179	-72.3584	-100	-100	0	-44.7677	0	-58	
180	-70.7994	-100	-100	0	-45.2293	-58	-46.5842	
181	-56.95	-100	-100	0	-42.8565	0	-38.0729	
182	-65.1444	-100	-100	-100	-38.2201	-58	-9.01989	
183	-54.3962	-100	-100	-100	0	0	0	
184	-51.4323	-100	-100	-100	-58	-58	-58	
185	-58.3954	-100	-100	-100	-43.7153	0	-17.1877	
186	-56.9359	-100	-100	-100	-39.2243	-58	0	
187	-50.255	-100	-100	-100	-7.31254	-4.68752	-58	
188	-54.762	-100	-100	-100	0	0	-30.427	
189	-59.4325	-100	-100	-100	-58	-58	0	
190	-51.2754	-100	-100	-100	-43.6619	-17.1629	-58	
191	-61.7078	-100	-100	-100	-31.7497	0	-17.7096	
192	-59.9264	-100	-100	-100	0	-58	0	
193	-50.5829	-100	-100	-100	-58	-24.3816	-58	
194	-64.5377	-100	-100	-100	-47.775	0	-9.02469	
195	-58.2296	-100	-100	-100	-42.4861	-58	0	
196	-50.2529	-100	-100	-100	-32.1888	-28.0569	-58	
197	-64.3946	-100	-100	-100	0	0	-26.1538	
198	-55.6015	0	-100	-100	-58	-58	0	
199	-53.2691	0	-100	-100	-9.98431	-33.509	-58	
200	-62.7659	0	-100	-100	0	0	0	
201	-58.8976	0	-100	-100	-58	-58	-58	
202	-61.5029	0	-100	-100	0	-46.9996	0	
203	-56.1416	0	-100	-100	-58	-49.0913	-58	
204	-66.9279	-100	-100	-100	0	-67.2421	0	
205	-61.3186	-100	-100	-100	-58	-49.8659	-58	
206	-70.0619	-100	-100	-100	0	-73.1715	0	
207	-64.6794	-100	-100	-100	-58	-55.5743	-58	
208	-72.897	-100	-100	-100	-1.34229	-70.6614	0	
209	-67.3459	-100	-100	-100	0	-63.1661	-58	
210	-70.1123	-100	-100	-100	-58	-65.1837	0	
211	-66.2173	-100	-100	-100	-27.8706	-68.7722	-58	
212	-69.3611	-100	-100	-100	0	-64.4753	0	
213	-66.9923	-100	-100	-100	-58	-66.6676	-58	
214	-73.2179	-100	-100	-100	-42.075	-67.6223	0	
215	-68.7485	-100	-100	-100	-30.1513	-67.4012	-58	
216	-73.6993	-100	-100	-100	0	-69.7034	-16.0904	
217	-68.8028	-100	-100	-100	-58	-68.2543	0	
218	-68.4732	-100	-100	-100	-51.8461	-67.2883	-58	
219	-67.8671	-100	-100	-100	-49.9872	-69.808	-16.3909	
220	-67.9572	-100	0	-100	-47.78	-65.7769	0	
221	-67.8403	-100	0	-100	-49.9868	-66.3836	-58	
222	-73.9955	-100	0	-100	-49.9608	-59.4184	-31.7441	
223	-69.2486	-100	0	-100	-48.3863	-55.768	0	
224	-73.4418	-100	0	-100	-45.8163	-48.4526	-58	
225	-69.1155	-100	0	-100	-48.213	-52.9914	-38.6353	
226	-67.3225	-100	-100	-100	-50.8949	-52.6475	0	
227	-73.8865	-100	-100	-100	-51.9938	-47.7865	-58	
228	-69.0362	-100	-100	-100	-51.2172	-52.3996	-41.0339	
229	-71.5568	-100	-100	-100	-50.8549	-54.8447	-25.219	
230	-71.0298	-100	-100	-100	-46.8364	-55.8884	0	
231	-71.0176	-100	-100	-100	-49.9619	-53.9452	-58	
232	-68.716	-100	-100	-100	-47.3964	-58.3892	-49.236	
233	-67.5773	-100	-100	-100	-48.7574	-59.0823	-44.7356	
234	-69.5282	-100	-100	-100	-50.3436	-61.8451	-40.4107	
235	-69.7803	-100	-100	-100	-52.1768	-60.7588	-25.3027	
236	-70.1298	-100	-100	-100	-52.2572	-61.3258	0	
237	-68.4432	-100	-100	-100	-50.5202	-60.1945	-58	
238	-69.0331	-100	-100	-100	-50.5111	-63.8909	-55.4133	
239	-67.5286	-100	-100	-100	-51.7184	-67.6485	-52.9186	
240	-67.8361	-100	-100	-100	-51.4739	-68.3523	-50.5085	
241	-71.5213	-100	-100	-100	-48.768	-65.3599	-49.3629	
242	-74.4936	0	-100	-100	-49.5461	-63.6053	-44.2707	
243	-72.6947	0	-100	-100	-16.985	-63.4519	-22.3318	
244	-71.611	0	-100	-100	0	-62.5323	0	
245	-73.6985	0	-100	-100	-58	-65.955	-58	
246	-72.8234	0	-100	-100	0	-70.7859	0	
247	-69.3431	0	-100	-100	-58	-70.9831	-58	
248	-72.7796	-100	-100	-100	0	-71.2216	0	
249	-67.4231	-100	-100	-100	-58	-70.8372	-58	
250	-70.7746	-100	-100	-100	0	-68.2909	0	
251	-67.0166	-100	-100	-100	-58	-69.8145	-58	
252	-71.5757	-100	-100	-100	-3.36486	-70.5783	0	
253	-71.2554	-100	-100	-100	0	-69.3124	-58	
254	-68.1315	-100	-100	-100	-58	-67.7057	0	
255	-67.1645	-100	-100	-100	-31.6868	-71.3833	-58	
256	-71.4818	-100	-100	-100	0	-68.0368	0	
257	-69.0416	-100	-100	-100	-58	-71.4762	-58	
258	-72.202	-100	-100	-100	-44.1802	-66.5488	-0.867978	
259	-64.5832	-100	-100	-100	-33.0462	-68.6102	0	
260	-68.7257	-100	-100	-100	0	-72.7383	-58	
261	-68.5056	-100	-100	-100	-58	-67.4684	-28.5857	
262	-72.0565	-100	-100	-100	-52.5736	-73.7077	0	
263	-73.2745	-100	-100	-100	-47.0313	-71.4225	-58	
264	-64.7382	0	-100	-100	-43.7838	-65.5132	-22.3302	
265	-70.2256	0	-100	-100	-12.6354	-67.8309	0	
266	-68.4503	0	-100	-100	0	-66.551	-58	
267	-73.3951	0	-100	-100	-58	-67.3929	0	
268	-68.2177	0	-100	-100	0	-72.3446	-58	
269	-69.0302	0	-100	-100	-58	-66.3793	0	
270	-70.3495	-100	-100	-100	0	-74.1049	-58	
271	-67.393	-100	-100	-100	-58	-69.5287	0	
272	-72.4215	-100	-100	-100	0	-75.3687	-58	
273	-69.705	-100	-100	-100	-58	-68.6762	0	
274	-69.4587	-100	-100	-100	-6.36803	-66.8782	-58	
275	-67.67	-100	-100	-100	0	-70.1216	0	
276	-68.8313	-100	-100	-100	-58	-70.9026	-58	
277	-70.6355	-100	-100	-100	-33.8528	-72.6081	0	
278	-67.7688	-100	-100	-100	0	-68.3325	-58	
279	-74.1864	-100	-100	-100	-58	-71.0525	-9.20578	
280	-67.3906	-100	-100	-100	-47.314	-68.919	0	
281	-67.5578	-100	-100	-100	-39.5239	-70.6939	-58	
282	-68.5395	-100	-100	-100	-19.3906	-68.584	-17.8586	
283	-67.1068	-100	-100	-100	0	-67.5388	0	
284	-69.3644	-100	-100	-100	-58	-71.6725	-58	
285	-73.1551	-100	-100	-100	-53.3468	-67.9662	-17.4615	
286	-70.0157	-100	0	-100	-54.2163	-71.3729	0	
287	-70.4042	-100	0	-100	-53.4529	-64.497	-58	
288	-70.4005	-100	0	-100	-51.213	-58.2509	-29.0686	
289	-70.0857	-100	0	-100	-49.4636	-58.4777	0	
290	-72.1712	-100	0	-100	-50.0156	-53.4784	-58	
291	-68.5414	-100	0	-100	-52.2841	-51.3858	-33.9023	
292	-68.7538	-100	-100	-100	-50.1162	-48.0469	0	
293	-67.8372	-100	-100	-100	-49.5092	-47.2215	-58	
294	-70.2937	-100	-100	-100	-50.2105	-53.2711	-41.2654	
295	-68.893	-100	-100	-100	-49.5425	-57.6668	-24.022	
296	-67.6607	-100	-100	-100	-51.3237	-57.3011	0	
297	-70.7673	-100	-100	-100	-55.3198	-59.9421	-58	
298	-71.9171	-100	-100	-100	-53.7552	-65.2291	-45.7196	
299	-70.1867	-100	-100	-100	-56.6856	-66.1725	-38.7315	
300	-71.9047	-100	-100	-100	-54.8501	-62.7541	-9.4401	
301	-68.3764	-100	-100	-100	-52.4823	-63.4542	0	
302	-69.2856	-100	-100	-100	-52.7075	-60.4866	-58	
303	-72.2698	-100	-100	-100	-56.2167	-61.8185	-49.4859	
304	-68.0901	-100	-100	-100	-56.6493	-61.0275	-44.3649	
305	-69.276	-100	-100	-100	-56.5317	-63.1785	-39.4685	
306	-68.1645	-100	-100	-100	-58.896	-63.4714	-21.1984	
307	-70.1789	-100	-100	-100	-62.9326	-61.7351	0	
308	-70.1126	-100	0	-100	-60.3928	-60.2029	-58	
309	-69.7181	-100	0	-100	-58.882	-59.5708	-48.9748	
310	-68.644	-100	0	-100	-57.8434	-55.8423	-41.2125	
311	-72.833	-100	0	-100	-59.2155	-50.2881	-26.9872	
312	-71.7067	-100	0	-100	-62.7366	-42.9391	0	
313	-72.6881	-100	0	-100	-64.6478	-36.4609	-58	
314	-69.749	-100	-100	-100	-64.6099	0	-45.025	
315	-74.3065	-100	-100	-100	-67.2485	-58	-35.7059	
316	-65.0018	-100	-100	-100	-63.0439	-33.9019	0	
317	-57.1891	-100	-100	-100	-53.8987	0	-58	
318	-60.6971	-100	-100	-100	-54.5342	-58	-48.514	
319	-57.3589	-100	-100	-100	-45.6798	-32.9823	-38.2686	
320	-51.3172	-100	-100	-100	-40.2158	0	0	
321	-53.9672	-100	-100	-100	-22.4301	-58	-58	
322	-58.4893	-100	-100	-100	0	-33.29	-40.8167	
323	-55.5177	-100	-100	-100	-58	0	-21.0363	
324	-60.7891	-100	-100	-100	-54.6536	-58	0	
325	-49.9972	-100	-100	-100	-44.4103	-30.1492	-58	
326	-57.599	-100	-100	-100	-34.1322	0	-27.8632	
327	-61.6389	-100	-100	-100	0	-58	0	
328	-52.1269	-100	-100	-100	-58	-31.183	-58	
329	-65.6314	-100	-100	-100	-50.3911	0	-17.9826	
330	-61.3069	0	-100	-100	-44.337	-58	0	
331	-54.4418	0	-100	-100	-4.46751	-33.8276	-58	
332	-61.5475	0	-100	-100	0	0	0	
333	-56.6566	0	-100	-100	-58	-58	-58	
334	-62.2256	0	-100	-100	0	-38.8139	0	
335	-55.1187	0	-100	-100	-58	-25.3456	-58	
336	-68.0622	-100	-100	-100	0	0	0	
337	-64.0884	-100	-100	-100	-58	-58	-58	
338	-58.4677	-100	-100	-100	0	-49.8958	0	
339	-59.4005	-100	-100	-100	-58	-57.2324	-58	
340	-70.3817	-100	-100	-100	0	-56.6688	0	
341	-60.0054	-100	-100	-100	-58	-54.9176	-58	
342	-72.4227	-100	-100	-100	-18.8407	-67.8364	0	
343	-62.2063	-100	-100	-100	0	-62.0334	-58	
344	-73.0596	-100	-100	-100	-58	-62.9242	0	
345	-68.6942	-100	-100	-100	-40.9458	-66.3655	-58	
346	-67.5828	-100	-100	-100	-22.5263	-63.5557	-4.63602	
347	-69.6478	-100	-100	-100	0	-66.9884	0	
348	-67.6367	-100	-100	-100	-58	-67.466	-58	
349	-69.0918	-100	-100	-100	-51.105	-63.4043	-3.30606	
350	-65.6553	-100	-100	-100	-47.5577	-66.8292	0	
351	-70.4769	-100	-100	-100	-46.4344	-68.3723	-58	
352	-67.3295	-100	0	-100	-45.2992	-68.6351	-32.9294	
353	-71.0061	-100	0	-100	-45.2582	-65.4903	0	
354	-68.2093	-100	0	-100	-43.6896	-60.4632	-58	
355	-69.2381	-100	0	-100	-43.4123	-54.7557	-33.6473	
356	-69.835	-100	0	-100	-39.3627	-53.6445	0	
357	-68.3334	-100	0	-100	-24.5168	-48.6323	-58	
358	-70.1505	-100	-100	-100	0	-52.8544	-33.1267	
359	-70.2511	-100	-100	-100	-58	-48.6568	0	
360	-69.8864	-100	-100	-100	-62.2786	-55.6407	-58	
361	-69.8787	-100	-100	-100	-61.5107	-58.2393	-28.1383	
362	-68.953	-100	-100	-100	-61.5843	-59.7743	0	
363	-70.3627	-100	-100	-100	-62.3255	-62.0434	-58	
364	-68.9171	-100	-100	-100	-59.636	-64.9404	-40.3777	
365	-71.639	-100	-100	-100	-60.9515	-62.7947	-19.5948	
366	-68.3537	-100	-100	-100	-60.7607	-62.1147	0	
367	-71.6387	-100	-100	-100	-58.1991	-63.6916	-58	
368	-69.7443	-100	-100	-100	-59.2665	-66.0127	-49.8987	
369	-68.5335	-100	-100	-100	-58.5191	-65.4938	-45.2371	
370	-66.0336	-100	-100	-100	-61.7793	-65.044	-38.6572	
371	-69.139	-100	-100	-100	-61.2503	-65.1063	-11.4241	
372	-70.7213	-100	-100	-100	-63.4589	-65.6677	0	
373	-69.1125	-100	-100	-100	-64.9143	-66.0779	-58	
374	-69.8726	-100	-100	0	-64.7772	-70.3168	-53.3141	
375	-68.5106	-100	-100	0	-64.7261	-48.3217	-53.5276	
376	-69.3069	-100	-100	0	-66.4294	-21.4212	-54.5147	
377	-69.735	-100	-100	0	-69.1104	0	-57.0889	
378	-68.8968	-100	-100	0	-71.0245	-58	-58.1258	
379	-61.1961	-100	-100	0	-65.6079	0	-56.2635	
380	-56.348	-100	-100	-100	-57.8713	-58	-54.6655	
381	-43.3244	-100	-100	-100	-48.4643	0	-51.9006	
382	-37.0441	-100	-100	-100	-42.8739	-58	-49.0737	
383	0	-100	-100	-100	-30.2212	0	-44.1221	
384	-58	-100	-100	-100	0	-58	-39.5636	
385	-44.9188	-100	-100	-100	-58	0	-12.5638	
386	-38.9221	-100	-100	-100	-41.3591	-58	0	
387	-7.61703	-100	-100	-100	-22.3933	-2.71107	-58	
388	0	-100	-100	-100	0	0	-29.7733	
389	-58	-100	-100	-100	-58	-58	0	
390	-46.8509	-100	-100	-100	-47.3293	-19.8078	-58	
391	-58.6161	-100	-100	-100	-38.6206	0	-20.6213	
392	-58.2682	-100	-100	-100	-7.08653	-58	0	
393	-47.7976	-100	-100	-100	0	-24.1707	-58	
394	-57.6401	-100	-100	-100	-58	0	-29.9549	
395	-54.9931	-100	-100	-100	-46.3802	-58	0	
396	-49.8043	0	-100	-100	-36.6502	-31.3549	-58	
397	-60.6679	0	-100	-100	0	0	0	
398	-58.5287	0	-100	-100	-58	-58	-58	
399	-58.6679	0	-100	-100	0	-40.0605	0	
400	-56.9394	0	-100	-100	-58	-37.2431	-58	
401	-66.0452	0	-100	-100	0	-12.1587	0	
402	-65.3501	-100	-100	-100	-58	0	-58	
403	-71.6732	-100	-100	-100	0	-58	0	
404	-54.0671	-100	-100	-100	-58	-42.4159	-58	
405	-76.9421	-100	-100	-100	0	-67.4063	0	
406	-56.4	-100	-100	-100	-58	-48.3004	-58	
407	-72.6497	-100	-100	-100	-7.82338	-71.4346	0	
408	-62.6352	-100	-100	-100	0	-58.4091	-58	
409	-71.1226	-100	-100	-100	-58	-67.586	0	
410	-64.5433	-100	-100	-100	-35.7712	-62.0451	-58	
411	-68.5168	-100	-100	-100	0	-65.4558	0	
412	-67.0469	-100	-100	-100	-58	-67.9069	-58	
413	-69.5105	-100	-100	-100	-45.4681	-69.1894	0	
414	-64.8652	-100	-100	-100	-36.0661	-63.398	-58	
415	-75.8136	-100	-100	-100	0	-68.0409	-16.9798	
416	-67.8188	-100	-100	-100	-58	-69.8817	0	
417	-72.1443	-100	-100	-100	-51.8416	-65.0476	-58	
418	-68.3179	-100	-100	0	-48.3233	-70.3032	-19.9619	
419	-75.4574	-100	-100	0	-47.6497	-43.8382	0	
420	-69.5613	-100	-100	0	-48.6948	-33.9282	-58	
421	-71.9932	-100	-100	0	-49.2479	0	-40.9099	
422	-72.6011	-100	-100	0	-49.84	-58	-30.6687	
423	-60.9598	-100	-100	0	-50.1269	0	0	
424	-59.3053	-100	-100	-100	-44.4172	-58	-58	
425	-55.6431	-100	-100	-100	-39.644	0	-44.1759	
426	-56.6154	-100	-100	-100	-20.265	-58	-33.3694	
427	-51.6533	-100	-100	-100	0	0	0	
428	-52.4811	-100	-100	-100	-58	-58	-58	
429	-54.5535	-100	-100	-100	-43.7324	-3.43643	-15.7601	
430	-52.977	-100	-100	-100	-31.4665	0	0	
431	-58.0534	-100	-100	-100	0	-58	-58	
432	-55.4922	-100	-100	-100	-58	-18.6442	-27.1684	
433	-59.3117	-100	-100	-100	-50.3066	0	0	
434	-61.0175	-100	-100	-100	-40.1119	-58	-58	
435	-55.3357	-100	-100	-100	-19.7309	-26.2236	-20.4954	
436	-57.4172	-100	-100	-100	0	0	0	
437	-58.5104	-100	-100	-100	-58	-58	-58	
438	-57.0807	-100	-100	-100	-46.0368	-34.8797	-7.90747	
439	-59.2897	-100	-100	-100	-39.2614	0	0	
440	-54.6272	0	-100	-100	-12.2698	-58	-58	
441	-56.2741	0	-100	-100	0	-32.0197	0	
442	-57.6552	0	-100	-100	-58	0	-58	
443	-64.8364	0	-100	-100	0	-58	0	
444	-54.7686	0	-100	-100	-58	-34.0604	-58	
445	-68.8487	0	-100	-100	0	0	0	
446	-59.8929	-100	-100	-100	-58	-58	-58	
447	-58.8993	-100	-100	-100	0	-47.8494	0	
448	-59.6255	-100	-100	-100	-58	-55.1646	-58	
449	-69.2959	-100	-100	-100	0	-54.9049	0	
450	-60.0836	-100	-100	-100	-58	-59.9021	-58	
451	-70.1397	-100	-100	-100	-12.3288	-67.2372	0	
452	-63.0661	-100	-100	-100	0	-55.7248	-58	
453	-70.9691	-100	-100	-100	-58	-67.4334	0	
454	-66.2078	-100	-100	-100	-35.1713	-62.2868	-58	
455	-68.3141	-100	-100	-100	0	-69.332	0	
456	-68.0582	-100	-100	-100	-58	-67.3452	-58	
457	-68.0768	-100	-100	-100	-45.8325	-67.1075	-0.787292	
458	-72.4677	-100	-100	-100	-36.8312	-67.6375	0	
459	-66.6435	-100	-100	-100	0	-69.2395	-58	
460	-72.0945	-100	-100	-100	-58	-68.6493	-23.695	
461	-69.8143	-100	-100	-100	-52.4686	-67.7349	0	
462	-74.2071	0	-100	-100	-49.1544	-68.4012	-58	
463	-73.5403	0	-100	-100	-12.5638	-68.6831	-0.138394	
464	-71.4054	0	-100	-100	0	-69.5265	0	
465	-69.3589	0	-100	-100	-58	-69.9743	-58	
466	-72.6427	0	-100	-100	0	-70.1259	0	
467	-72.8417	0	-100	-100	-58	-68.8247	-58	
468	-67.9334	-100	-100	-100	0	-72.2088	0	
469	-69.8622	-100	-100	-100	-58	-67.9878	-58	
470	-68.4827	-100	-100	-100	0	-68.2634	0	
471	-68.8609	-100	-100	-100	-58	-72.3029	-58	
472	-70.3699	-100	-100	-100	-3.49371	-64.0025	0	
473	-70.1207	-100	-100	-100	0	-71.515	-58	
474	-68.7142	-100	-100	-100	-58	-71.0382	0	
475	-68.1097	-100	-100	-100	-31.7662	-72.6534	-58	
476	-74.6695	-100	-100	-100	0	-64.9556	0	
477	-69.6431	-100	-100	-100	-58	-71.3303	-58	
478	-73.6133	-100	-100	-100	-41.2848	-65.5458	-1.36417	
479	-66.7483	-100	-100	-100	-26.2797	-71.0671	0	
480	-73.5034	-100	-100	-100	0	-73.4676	-58	
481	-69.4115	-100	-100	-100	-58	-69.5563	-26.5502	
482	-70.1528	-100	-100	-100	-54.129	-70.3501	0	
483	-73.8428	-100	-100	-100	-49.3581	-71.9287	-58	
484	-66.47	-100	-100	0	-47.4045	-72.2467	-28.7359	
485	-71.4108	-100	-100	0	-42.6532	-46.271	0	
486	-70.4078	-100	-100	0	-36.0638	-30.5622	-58	
487	-67.7976	-100	-100	0	0	0	-42.7767	
488	-70.228	-100	-100	0	-58	-58	-37.1965	
489	-66.1173	-100	-100	0	-52.2107	0	0	
490	-65.8318	-100	-100	-100	-46.8874	-58	-58	
491	-57.4898	-100	-100	-100	-39.8083	0	-26.4621	
492	-55.1602	-100	-100	-100	-22.1002	-58	0	
493	-49.3557	-100	-100	-100	0	0	-58	
494	-59.54	-100	-100	-100	-58	-58	-38.7369	
495	-54.7626	-100	-100	-100	-43.4989	-5.26946	0	
496	-54.2694	-100	-100	-100	-35.4024	0	-58	
497	-59.3982	-100	-100	-100	0	-58	-27.7633	
498	-53.5571	-100	-100	-100	-58	-18.4898	0	
499	-55.2104	-100	-100	-100	-54.8761	0	-58	
500	-65.4998	-100	-100	-100	-46.9981	-58	-18.4003	
501	-49.8919	-100	-100	-100	-34.4003	-28.2575	0	
502	-56.25	-100	-100	-100	0	0	-58	
503	-62.9125	-100	-100	-100	-58	-58	-34.9751	
504	-54.7483	-100	-100	-100	-42.4481	-31.9792	0	
505	-54.3124	-100	-100	-100	-32.1734	0	-58	
506	-60.0617	-100	0	-100	0	-58	-20.5688	
507	-55.9037	-100	0	-100	-58	-26.8005	0	
508	-56.8793	-100	0	-100	-51.4803	0	-58	
509	-59.4113	-100	0	-100	-47.1814	-58	-13.5756	
510	-53.5716	-100	0	-100	-36.1476	-22.0904	0	
511	-59.0973	-100	0	-100	0	0	-58	
512	-66.6602	-100	-100	-100	-58	-58	-18.0762	
513	-52.7254	-100	-100	-100	-45.9645	-22.3491	0	
514	-58.5625	-100	-100	-100	-39.1293	0	-58	
515	-64.4654	-100	-100	-100	-12.0565	-58	-18.4818	
516	-52.8158	-100	-100	-100	0	-25.7627	0	
517	-53.9154	-100	-100	-100	-58	0	-58	
518	-63.0149	-100	-100	-100	-49.9659	-58	-9.91319	
519	-52.4241	-100	-100	-100	-37.1878	-31.3902	0	
520	-53.7412	-100	-100	-100	0	0	-58	
521	-60.6014	-100	-100	-100	-58	-58	-24.1354	
522	-56.7938	-100	-100	-100	-40.7946	-36.2613	0	
523	-58.1034	-100	-100	-100	-24.862	0	-58	
524	-66.1864	-100	-100	-100	0	-58	-23.4328	
525	-52.3127	-100	-100	-100	-58	-32.6855	0	
526	-57.5886	-100	-100	-100	-49.6148	0	-58	
527	-64.9482	-100	-100	-100	-43.0714	-58	-20.2765	
528	-54.6173	0	-100	-100	-31.2518	-35.6476	0	
529	-56.7868	0	-100	-100	0	0	-58	
530	-65.423	0	-100	-100	-58	-58	0	
531	-52.5575	0	-100	-100	0	-39.7583	-58	
532	-64.2928	0	-100	-100	-58	-42.5665	0	
533	-58.063	0	-100	-100	0	-61.5192	-58	
534	-68.2465	-100	-100	-100	-58	-57.6323	0	
535	-66.7189	-100	-100	-100	0	-64.5901	-58	
536	-65.8099	-100	-100	-100	-58	-59.0038	0	
537	-69.4124	-100	-100	-100	0	-69.2236	-58	
538	-65.3732	-100	-100	-100	-58	-58.2323	0	
539	-70.1193	-100	-100	-100	-11.6021	-74.3466	-58	
540	-68.5056	-100	-100	-100	0	-63.7243	0	
541	-67.6746	-100	-100	-100	-58	-67.6613	-58	
542	-70.6573	-100	-100	-100	-34.0709	-64.4279	0	
543	-69.2215	-100	-100	-100	0	-72.2056	-58	
544	-71.7215	-100	-100	-100	-58	-70.2641	-10.6251	
545	-66.531	-100	-100	-100	-44.9176	-68.9665	0	
546	-72.2842	-100	-100	-100	-35.0731	-68.611	-58	
547	-68.3507	-100	-100	-100	0	-71.8676	-22.0947	
548	-73.3275	-100	-100	-100	-58	-68.1905	0	
549	-71.444	-100	-100	-100	-50.4008	-68.8251	-58	
550	-73.4902	-100	-100	0	-46.6692	-70.4618	-17.7913	
551	-69.3286	-100	-100	0	-47.1404	-47.5405	0	
552	-66.7213	-100	-100	0	-47.766	-33.2686	-58	
553	-70.4002	-100	-100	0	-49.4315	0	-39.0528	
554	-69.263	-100	-100	0	-53.6095	-58	-17.8561	
555	-62.1311	-100	-100	0	-47.3197	0	0	
556	-60.4771	-100	-100	-100	-42.2129	-58	-58	
557	-59.0139	-100	-100	-100	-30.1571	0	-40.6138	
558	-62.5004	-100	-100	-100	0	-58	-31.7304	
559	-52.894	-100	-100	-100	-58	0	0	
560	-50.7813	-100	-100	-100	-47.5138	-58	-58	
561	-58.7555	-100	-100	-100	-37.0483	-5.95923	-21.9836	
562	-51.8084	-100	-100	-100	0	0	0	
563	-54.7589	-100	-100	-100	-58	-58	-58	
564	-58.9022	-100	-100	-100	-44.7567	-21.78	-9.1538	
565	-56.5488	-100	-100	-100	-35.4862	0	0	
566	-56.7656	-100	-100	-100	0	-58	-58	
567	-54.014	-100	-100	-100	-58	-22.9414	-24.8369	
568	-55.9414	-100	-100	-100	-48.9819	0	0	
569	-56.3349	-100	-100	-100	-40.1577	-58	-58	
570	-56.9016	-100	-100	-100	-14.9719	-32.4851	-16.9076	
571	-54.7495	-100	-100	-100	0	0	0	
572	-55.7639	-100	-100	0	-58	-58	-58	
573	-56.6263	-100	-100	0	-44.6116	-11.9043	-7.81279	
574	-56.6252	-100	-100	0	-34.2229	0	0	
575	-56.4771	-100	-100	0	0	-58	-58	
576	-54.8552	-100	-100	0	-58	0	-25.5067	
577	-62.8753	-100	-100	0	-49.9701	-58	0	
578	-51.0411	-100	-100	-100	-40.185	0	-58	
579	-61.4972	-100	-100	-100	-20.4847	-58	-24.5593	
580	-52.6209	-100	-100	-100	0	0	0	
581	-52.429	-100	-100	-100	-58	-58	-58	
582	-57.4919	-100	-100	-100	-42.3453	0	-6.24751	
583	-55.3644	-100	-100	-100	-29.015	-58	0	
584	-48.4174	-100	-100	-100	0	-1.43339	-58	
585	-62.7037	-100	-100	-100	-58	0	-23.7646	
586	-53.979	-100	-100	-100	-49.1222	-58	0	
587	-52.1147	-100	-100	-100	-38.6402	-18.1458	-58	
588	-58.7701	-100	-100	-100	-6.12263	0	-20.3049	
589	-62.2992	-100	-100	-100	0	-58	0	
590	-51.4657	-100	-100	-100	-58	-25.3513	-58	
591	-62.0665	-100	-100	-100	-52.4851	0	-8.95901	
592	-58.6942	-100	-100	-100	-45.3639	-58	0	
593	-51.6526	-100	-100	-100	-33.67	-29.5289	-58	
594	-61.4228	-100	0	-100	0	0	-26.8782	
595	-56.002	-100	0	-100	-58	-58	0	
596	-49.9879	-100	0	-100	-43.0965	-23.4518	-58	
597	-62.0776	-100	0	-100	-36.5459	0	-6.64113	
598	-56.2108	-100	0	-100	0	-58	0	
599	-53.275	-100	0	-100	-58	-16.2043	-58	
600	-62.6665	-100	-100	-100	-49.3443	0	0	
601	-62.7948	-100	-100	-100	-39.7967	-58	-58	
602	-56.3938	-100	-100	-100	-19.9762	-25.152	-9.58858	
603	-57.9475	-100	-100	-100	0	0	0	
604	-56.8153	-100	-100	-100	-58	-58	-58	
605	-62.7655	-100	-100	-100	-45.8736	-31.1058	-6.87215	
606	-60.0898	-100	-100	-100	-39.7849	0	0	
607	-59.1026	-100	-100	-100	-14.6729	-58	-58	
608	-51.7086	-100	-100	-100	0	-32.3697	-17.8742	
609	-55.507	-100	-100	-100	-58	0	0	
610	-58.6564	-100	-100	-100	-53.8938	-58	-58	
611	-57.9786	-100	-100	-100	-43.3061	-32.9046	-15.3286	
612	-56.2513	-100	-100	-100	-31.2308	0	0	
613	-60.2069	-100	-100	-100	0	-58	-58	
614	-54.7041	-100	-100	-100	-58	-30.5592	-25.3202	
615	-58.5815	-100	-100	-100	-50.4627	0	0	
616	-62.2077	0	-100	-100	-46.1365	-58	-58	
617	-56.9896	0	-100	-100	-8.63637	-37.5097	0	
618	-56.6201	0	-100	-100	0	0	-58	
619	-62.6331	0	-100	-100	-58	-58	0	
620	-55.0724	0	-100	-100	0	-39.1834	-58	
621	-62.4063	0	-100	-100	-58	-39.9789	0	
622	-60.387	-100	-100	-100	0	-52.5145	-58	
623	-66.6537	-100	-100	-100	-58	-64.851	0	
624	-61.4936	-100	-100	-100	0	-57.4358	-58	
625	-71.185	-100	-100	-100	-58	-67.4238	0	
626	-66.8392	-100	-100	-100	-2.11553	-58.9508	-58	
627	-68.3902	-100	-100	-100	0	-68.1978	0	
628	-66.4854	-100	-100	-100	-58	-64.2681	-58	
629	-69.7334	-100	-100	-100	-29.5144	-67.7824	0	
630	-69.3194	-100	-100	-100	0	-63.989	-58	
631	-72.9475	-100	-100	-100	-58	-68.7499	-8.49393	
632	-68.5827	-100	-100	-100	-46.2113	-69.5709	0	
633	-71.2458	-100	-100	-100	-35.9287	-65.7162	-58	
634	-70.1753	-100	-100	-100	0	-68.4368	-18.2607	
635	-68.994	-100	-100	-100	-58	-72.2196	0	
636	-70.6879	-100	-100	-100	-55.145	-68.6511	-58	
637	-71.5546	-100	-100	-100	-49.6554	-73.1686	-17.3639	
638	-69.321	0	-100	-100	-48.4115	-67.9069	0	
639	-68.9384	0	-100	-100	-17.7235	-72.1838	-58	
640	-69.4127	0	-100	-100	0	-71.0888	0	
641	-67.7065	0	-100	-100	-58	-67.8462	-58	
642	-72.766	0	-100	-100	0	-71.3938	0	
643	-66.702	0	-100	-100	-58	-70.3557	-58	
644	-70.4778	-100	-100	-100	0	-68.8408	0	
645	-72.241	-100	-100	-100	-58	-71.0169	-58	
646	-69.3791	-100	-100	-100	0	-67.2951	0	
647	-71.0652	-100	-100	-100	-58	-70.128	-58	
648	-69.522	-100	-100	-100	-4.82688	-69.5749	0	
649	-71.8411	-100	-100	-100	0	-69.9248	-58	
650	-66.5901	-100	-100	-100	-58	-71.1017	0	
651	-70.3589	-100	-100	-100	-29.1439	-67.6792	-58	
652	-68.1995	-100	-100	-100	0	-69.7264	0	
653	-70.9662	-100	-100	-100	-58	-69.0771	-58	
654	-71.9459	-100	-100	-100	-43.6288	-71.6493	-0.9621	
655	-69.2373	-100	-100	-100	-34.4905	-65.7767	0	
656	-72.4561	-100	-100	-100	0	-72.1754	-58	
657	-66.7498	-100	-100	-100	-58	-70.7808	-25.1818	
658	-69.9209	-100	-100	-100	-50.8179	-68.5473	0	
659	-72.7597	-100	-100	-100	-48.4933	-71.793	-58	
660	-72.2532	-100	0	-100	-48.7829	-70.6379	-27.5227	
661	-70.5593	-100	0	-100	-48.4253	-63.9945	0	
662	-67.3137	-100	0	-100	-47.5368	-61.7892	-58	
663	-72.1971	-100	0	-100	-47.0522	-58.2437	-33.1587	
664	-68.9283	-100	0	-100	-49.5992	-55.1896	0	
665	-71.1843	-100	0	-100	-47.4884	-49.9953	-58	
666	-70.3672	-100	-100	-100	-50.174	-49.6364	-35.3876	
667	-71.9101	-100	-100	-100	-50.4456	-51.1741	0	
668	-72.102	-100	-100	-100	-52.0915	-53.57	-58	
669	-71.2519	-100	-100	-100	-51.7273	-57.4204	-41.0678	
670	-70.7256	-100	-100	-100	-50.6047	-58.8657	-27.8218	
671	-68.7339	-100	-100	-100	-54.5744	-58.1971	0	
672	-69.6442	-100	-100	-100	-57.5591	-60.6876	-58	
673	-70.4767	-100	-100	-100	-61.7746	-62.2932	-50.6151	
674	-69.8729	-100	-100	-100	-62.203	-58.7546	-45.5328	
675	-66.7083	-100	-100	-100	-62.8137	-62.794	-43.8463	
676	-66.6372	-100	-100	-100	-63.9489	-63.2609	-41.3874	
677	-68.8912	-100	-100	-100	-64.5351	-63.0948	-31.398	
678	-70.7882	-100	-100	-100	-65.2236	-66.6669	0	
679	-69.8921	-100	-100	-100	-68.0815	-66.5981	-58	
680	-74.0374	-100	-100	-100	-65.6137	-64.1119	-54.2499	
681	-73.9344	-100	-100	-100	-64.5889	-66.8277	-50.4227	
682	-74.7123	0	-100	-100	-65.7102	-67.1334	-51.0744	
683	-71.5465	0	-100	-100	-28.2682	-68.2778	-27.0482	
684	-68.3628	0	-100	-100	0	-71.969	0	
685	-68.1807	0	-100	-100	-58	-71.6174	-58	
686	-70.9103	0	-100	-100	0	-70.7344	0	
687	-65.2921	0	-100	-100	-58	-67.7338	-58	
688	-72.8313	-100	-100	-100	0	-69.6393	0	
689	-71.5576	-100	-100	-100	-58	-69.4234	-58	
690	-68.212	-100	-100	-100	0	-72.6017	0	
691	-67.0271	-100	-100	-100	-58	-69.6043	-58	
692	-69.1057	-100	-100	-100	-4.1177	-74.702	0	
693	-67.0393	-100	-100	-100	0	-70.3413	-58	
694	-72.2444	-100	-100	-100	-58	-72.9731	0	
695	-69.0225	-100	-100	-100	-33.6767	-66.4764	-58	
696	-71.5441	-100	-100	-100	0	-69.5824	-1.19258	
697	-71.7319	-100	-100	-100	-58	-69.3224	0	
698	-71.2835	-100	-100	-100	-38.7829	-72.5001	-58	
699	-64.2489	-100	-100	-100	-3.95317	-73.3411	-9.54354	
700	-67.9994	-100	-100	-100	0	-65.9717	0	
701	-71.491	-100	-100	-100	-58	-70.2273	-58	
702	-71.903	-100	-100	-100	-49.0684	-69.91	-11.9426	
703	-71.5531	-100	-100	-100	-45.8266	-65.5422	0	
704	-70.9472	-100	0	-100	-41.2254	-73.1883	-58	
705	-70.5045	-100	0	-100	-32.3146	-66.655	-26.6903	
706	-71.6443	-100	0	-100	0	-58.6958	0	
707	-70.4611	-100	0	-100	-58	-59.9268	-58	
708	-66.0277	-100	0	-100	-56.5723	-56.9334	-9.48155	
709	-72.2067	-100	0	-100	-55.2676	-52.348	0	
710	-72.9646	-100	-100	-100	-56.5351	-47.4765	-58	
711	-68.0359	-100	-100	-100	-63.0576	-54.384	-29.5854	
712	-71.2222	-100	-100	-100	-64.3199	-53.33	0	
713	-68.825	-100	-100	-100	-63.4697	-57.9056	-58	
714	-66.6142	-100	-100	-100	-64.8324	-62.3608	-42.1681	
715	-72.5646	-100	-100	-100	-63.3308	-63.2131	-27.0187	
716	-72.0193	-100	-100	-100	-66.9646	-61.1778	0	
717	-73.535	-100	-100	-100	-71.7578	-57.7425	-58	
718	-70.7537	-100	-100	-100	-71.4179	-57.9889	-47.9962	
719	-69.4918	-100	-100	-100	-71.4514	-59.9198	-42.5569	
720	-70.5856	-100	-100	-100	-68.2738	-60.7798	-32.9605	
721	-72.0497	-100	-100	-100	-70.6612	-61.9814	0	
722	-71.0743	-100	-100	-100	-72.1044	-63.5919	-58	
723	-72.9767	-100	-100	-100	-72.5092	-66.9147	-51.5407	
724	-71.7227	-100	-100	-100	-76.4261	-70.13	-47.8693	
725	-75.3888	-100	-100	-100	-77.7208	-70.7763	-46.7396	
726	-73.652	-100	0	-100	-77.3238	-70.0503	-44.0294	
727	-73.035	-100	0	-100	-75.0699	-65.2798	-35.1312	
728	-73.325	-100	0	-100	-72.5265	-57.4907	0	
729	-75.539	-100	0	-100	-71.4824	-50.873	-58	
730	-72.7946	-100	0	-100	-74.2277	-46.3773	-45.7218	
731	-70.2318	-100	0	-100	-73.4782	-41.6076	-34.1863	
732	-67.1586	-100	-100	-100	-70.4245	-30.6243	0	
733	-71.2414	-100	-100	-100	-69.0182	0	-58	
734	-69.0017	-100	-100	-100	-70.0115	-58	-49.8236	
735	-64.8713	-100	-100	-100	-64.2248	-39.2673	-37.2183	
736	-64.2834	-100	-100	-100	-54.8706	-14.261	0	
737	-64.7695	-100	-100	-100	-56.2527	0	-58	
738	-63.3618	-100	-100	-100	-57.1705	-58	-51.4131	
739	-55.909	-100	-100	-100	-51.9183	-36.1575	-36.2096	
740	-58.6434	-100	-100	-100	-46.8842	0	0	
741	-58.417	-100	-100	-100	-43.7287	-58	-58	
742	-57.2168	-100	-100	-100	-35.2984	-31.0126	-39.5171	
743	-57.398	-100	-100	-100	0	0	-13.3575	
744	-55.138	-100	-100	-100	-58	-58	0	
745	-52.8404	-100	-100	-100	-44.237	-32.9897	-58	
746	-61.3155	-100	-100	-100	-36.486	0	-25.0694	
747	-62.325	-100	-100	-100	0	-58	0	
748	-49.8825	0	-100	-100	-58	-29.972	-58	
749	-68.3348	0	-100	-100	-9.21024	0	0	
750	-58.9396	0	-100	-100	0	-58	-58	
751	-55.2148	0	-100	-100	-58	-38.6372	0	
752	-59.6754	0	-100	-100	0	-33.8867	-58	
753	-65.7946	0	-100	-100	-58	0	0	
754	-60.7101	-100	-100	-100	0	-58	-58	
755	-60.8649	-100	-100	-100	-58	-46.0235	0	
756	-64.12	-100	-100	-100	0	-63.8032	-58	
757	-60.9523	-100	-100	-100	-58	-51.5879	0	
758	-65.9422	-100	-100	-100	-0.72565	-62.6677	-58	
759	-67.6624	-100	-100	-100	0	-59.902	0	
760	-64.7138	-100	-100	-100	-58	-64.2451	-58	
761	-71.1629	-100	-100	-100	-29.3467	-63.6491	0	
762	-63.9257	-100	-100	-100	0	-66.963	-58	
763	-70.5307	-100	-100	-100	-58	-68.0087	-4.15831	
764	-67.5612	-100	-100	-100	-41.9553	-69.1825	0	
765	-68.0947	-100	-100	-100	-29.4059	-67.4652	-58	
766	-73.3107	-100	-100	-100	0	-64.477	-15.0767	
767	-66.4742	-100	-100	-100	-58	-66.8549	0	
768	-71.1702	-100	-100	-100	-53.8042	-69.1787	-58	
769	-70.3328	-100	-100	-100	-53.3482	-68.055	-17.7316	
770	-70.5661	-100	-100	0	-49.8051	-68.8577	0	
771	-67.1226	-100	-100	0	-47.7873	-44.1577	-58	
772	-69.9218	-100	-100	0	-48.9336	-35.359	-35.0573	
773	-72.3116	-100	-100	0	-46.6234	0	0	
774	-69.192	-100	-100	0	-46.7749	-58	-58	
775	-62.9175	-100	-100	0	-39.5791	0	-41.6226	
776	-58.9874	-100	-100	-100	-19.7615	-58	-39.8588	
777	-55.0856	-100	-100	-100	0	0	-21.9874	
778	-54.4979	-100	-100	-100	-58	-58	0	
779	-48.8905	-100	-100	-100	-43.5992	0	-58	
780	-58.7549	-100	-100	-100	-30.9124	-58	-26.9572	
781	-51.2137	-100	-100	-100	0	-2.72748	0	
782	-53.7843	-100	-100	-100	-58	0	-58	
783	-61.4313	-100	-100	-100	-46.659	-58	-16.7255	
784	-51.9545	-100	-100	-100	-34.2248	-22.6197	0	
785	-55.6212	-100	-100	-100	0	0	-58	
786	-62.1572	-100	-100	-100	-58	-58	-27.7887	
787	-53.0641	-100	-100	-100	-45.3024	-25.0396	0	
788	-55.745	-100	-100	-100	-36.7142	0	-58	
789	-63.4247	-100	-100	-100	0	-58	-26.8887	
790	-52.1539	-100	-100	-100	-58	-27.1471	0	
791	-61.7631	-100	-100	-100	-46.114	0	-58	
792	-62.6432	-100	0	-100	-39.1927	-58	-14.0023	
793	-53.0416	-100	0	-100	-8.81712	-25.9578	0	
794	-54.7769	-100	0	-100	0	0	-58	
795	-60.4829	-100	0	-100	-58	-58	-19.6852	
796	-58.7845	-100	0	-100	-44.1349	-27.3262	0	
797	-56.6308	-100	0	-100	-34.6551	0	-58	
798	-62.7606	-100	-100	-100	0	-58	-13.9309	
799	-53.7702	-100	-100	-100	-58	-21.5982	0	
800	-52.2244	-100	-100	-100	-52.0814	0	-58	
801	-64.3451	-100	-100	-100	-48.5332	-58	-12.5925	
802	-53.8247	-100	-100	-100	-40.851	-29.1807	0	
803	-55.6825	-100	-100	-100	-28.7058	0	-58	
804	-61.8553	-100	-100	-100	0	-58	-25.5019	
805	-53.6186	-100	-100	-100	-58	-30.5657	0	
806	-56.8234	-100	-100	-100	-50.3165	0	-58	
807	-66.1099	-100	-100	-100	-43.3628	-58	-20.9099	
808	-51.1557	-100	-100	-100	-34.1099	-31.9647	0	
809	-54.0867	-100	-100	-100	0	0	-58	
810	-65.8222	-100	-100	-100	-58	-58	-29.3125	
811	-50.6699	-100	-100	-100	-43.1722	-34.226	0	
812	-60.3074	-100	-100	-100	-38.7327	0	-58	
813	-62.0084	-100	-100	-100	-6.83694	-58	-29.1724	
814	-55.0554	-100	0	-100	0	-36.2752	0	
815	-54.3912	-100	0	-100	-58	0	-58	
816	-63.9786	-100	0	-100	-52.6299	-58	-9.33218	
817	-56.7149	-100	0	-100	-44.0116	-24.1075	0	
818	-52.0052	-100	0	-100	-36.6722	0	-58	
819	-62.975	-100	0	-100	0	-58	-20.8208	
820	-54.5504	-100	-100	-100	-58	-15.2123	0	
821	-60.0691	-100	-100	-100	-51.1304	0	-58	
822	-62.5956	-100	-100	-100	-47.6459	-58	-11.4256	
823	-51.1305	-100	-100	-100	-39.4254	-25.6464	0	
824	-55.9896	-100	-100	-100	-12.8537	0	-58	
825	-63.8931	-100	-100	-100	0	-58	-24.017	
826	-56.0404	-100	-100	-100	-58	-24.9995	0	
827	-58.5257	-100	-100	-100	-48.7039	0	-58	
828	-63.2395	-100	-100	-100	-41.7576	-58	-18.0479	
829	-52.3934	-100	-100	-100	-24.3037	-33.0318	0	
830	-52.8758	-100	-100	-100	0	0	-58	
831	-64.8633	-100	-100	-100	-58	-58	-30.873	
832	-55.6635	-100	-100	-100	-45.5	-32.9825	0	
833	-55.0353	-100	-100	-100	-38.8177	0	-58	
834	-63.3891	-100	-100	-100	-6.217	-58	-24.9458	
835	-48.79	-100	-100	-100	0	-32.2958	0	
836	-53.3577	0	-100	-100	-58	0	-58	
837	-64.2071	0	-100	-100	-20.3879	-58	0	
838	-53.9537	0	-100	-100	0	-41.9503	-58	
839	-62.9617	0	-100	-100	-58	-53.6322	0	
840	-59.9655	0	-100	-100	0	-57.3285	-58	
841	-68.4488	0	-100	-100	-58	-59.6947	0	
842	-64.4675	-100	-100	-100	0	-61.0886	-58	
843	-66.636	-100	-100	-100	-58	-60.5477	0	
844	-63.5992	-100	-100	-100	0	-65.2137	-58	
845	-72.2794	-100	-100	-100	-58	-65.4923	0	
846	-67.3483	-100	-100	-100	-3.81821	-64.7356	-58	
847	-72.2094	-100	-100	-100	0	-64.9671	0	
848	-69.0507	-100	-100	-100	-58	-66.5803	-58	
849	-66.6149	-100	-100	-100	-29.8677	-67.87	0	
850	-73.7827	-100	-100	-100	0	-67.3702	-58	
851	-64.0587	-100	-100	-100	-58	-70.1247	-8.6475	
852	-71.4482	-100	-100	-100	-41.2124	-66.429	0	
853	-67.8225	-100	-100	-100	-28.7626	-69.9534	-58	
854	-68.8741	-100	-100	-100	0	-64.7913	-19.8879	
855	-67.9507	-100	-100	-100	-58	-70.547	0	
856	-68.9193	-100	-100	-100	-55.558	-70.0994	-58	
857	-67.8294	-100	-100	-100	-50.3195	-68.1714	-16.1123	
858	-73.6449	-100	0	-100	-44.2169	-73.1424	0	
859	-72.4403	-100	0	-100	-43.5043	-66.736	-58	
860	-69.1422	-100	0	-100	-39.5667	-61.3924	-27.5168	
861	-70.3196	-100	0	-100	-21.6802	-56.7265	0	
862	-67.8924	-100	0	-100	0	-51.5156	-58	
863	-72.0402	-100	0	-100	-58	-48.7753	-27.4165	
864	-66.0902	-100	-100	-100	-60.5678	-56.0401	0	
865	-69.3009	-100	-100	-100	-57.7073	-52.7926	-58	
866	-73.9454	-100	-100	-100	-56.6136	-58.8698	-30.0689	
867	-70.2551	-100	-100	-100	-56.6534	-57.3557	0	
868	-71.0645	-100	-100	-100	-53.7393	-60.9537	-58	
869	-68.4432	-100	-100	-100	-53.5925	-62.0487	-42.1625	
870	-71.8563	-100	-100	-100	-52.5304	-61.165	-27.0987	
871	-72.5948	-100	-100	-100	-55.1919	-63.7645	0	
872	-67.3668	-100	-100	-100	-57.4642	-62.7313	-58	
873	-67.5661	-100	-100	-100	-57.5351	-63.1431	-45.1524	
874	-69.1345	-100	-100	-100	-58.0198	-64.448	-40.3345	
875	-71.2664	-100	-100	-100	-58.5069	-62.0695	-26.0624	
876	-70.267	-100	-100	-100	-57.2922	-66.3495	0	
877	-68.8555	-100	-100	-100	-58.0156	-65.856	-58	
878	-71.0668	-100	-100	-100	-53.3181	-65.5883	-55.2476	
879	-67.0272	-100	-100	-100	-56.0745	-68.3849	-55.0998	
880	-66.2819	-100	0	-100	-56.2621	-67.4341	-56.4545	
881	-66.1473	-100	0	-100	-55.6583	-62.7903	-51.9674	
882	-68.1003	-100	0	-100	-56.8493	-52.1997	-43.6552	
883	-70.4069	-100	0	-100	-55.2864	-45.6832	-37.2842	
884	-72.4044	-100	0	-100	-58.2785	-39.0067	0	
885	-72.5666	-100	0	-100	-58.5163	-9.16229	-58	
886	-69.5959	-100	-100	-100	-61.5704	0	-41.6929	
887	-68.8345	-100	-100	-100	-58.6469	-58	-29.5935	
888	-61.0202	-100	-100	-100	-52.2155	-32.4718	0	
889	-59.7138	-100	-100	-100	-43.9191	0	-58	
890	-63.1814	-100	-100	-100	-43.1574	-58	-43.8342	
891	-56.9307	-100	-100	-100	-33.7401	-34.8898	-30.8412	
892	-53.5538	-100	-100	-100	0	0	0	
893	-57.6705	-100	-100	-100	-58	-58	-58	
894	-57.5947	-100	-100	-100	-46.1542	-37.8603	-23.9491	
895	-57.793	-100	-100	-100	-39.8196	0	0	
896	-62.6084	-100	-100	-100	-23.4955	-58	-58	
897	-59.1532	-100	-100	-100	0	-33.1821	-26.9146	
898	-57.1394	-100	-100	-100	-58	0	0	
899	-60.3289	-100	-100	-100	-50.5635	-58	-58	
900	-59.9463	-100	-100	-100	-42.9868	-33.6097	-18.8969	
901	-54.6039	-100	-100	-100	-38.827	0	0	
902	-61.0426	-100	0	-100	-7.56036	-58	-58	
903	-51.3969	-100	0	-100	0	-30.9687	-27.3957	
904	-58.4806	-100	0	-100	-58	0	0	
905	-59.1239	-100	0	-100	-51.4456	-58	-58	
906	-62.1526	-100	0	-100	-42.9379	-22.2676	-8.03896	
907	-59.4508	-100	0	-100	-31.7803	0	0	
908	-60.7441	-100	-100	-100	0	-58	-58	
909	-56.5523	-100	-100	-100	-58	-21.5152	-15.2044	
910	-58.4419	-100	-100	-100	-48.0407	0	0	
911	-56.754	-100	-100	-100	-40.4632	-58	-58	
912	-60.0551	-100	-100	-100	-24.7093	-28.8097	-15.7772	
913	-56.4937	-100	-100	-100	0	0	0	
914	-55.4931	-100	-100	-100	-58	-58	-58	
915	-58.7874	-100	-100	-100	-44.9674	-33.8814	-5.44894	
916	-55.9351	-100	-100	-100	-35.9632	0	0	
917	-58.7893	-100	-100	-100	0	-58	-58	
918	-57.3667	-100	-100	-100	-58	-33.4188	-22.9245	
919	-60.9509	-100	-100	-100	-49.2524	0	0	
920	-58.4749	-100	-100	-100	-45.4716	-58	-58	
921	-55.1189	-100	-100	-100	-34.7015	-32.9528	-15.2798	
922	-57.1935	-100	-100	-100	0	0	0	
923	-57.3464	-100	-100	-100	-58	-58	-58	
924	-58.1799	-100	0	-100	-45.3694	-40.1462	-6.08926	
925	-60.4367	-100	0	-100	-41.5925	-28.8048	0	
926	-58.3933	-100	0	-100	-28.6696	0	-58	
927	-63.05	-100	0	-100	0	-58	-22.2781	
928	-57.4888	-100	0	-100	-58	-26.0801	0	
929	-58.1471	-100	0	-100	-51.9984	0	-58	
930	-63.2833	-100	-100	-100	-48.8496	-58	-8.9705	
931	-53.6607	-100	-100	-100	-36.6997	-24.4782	0	
932	-58.2114	-100	-100	-100	0	0	-58	
933	-60.8305	-100	-100	-100	-58	-58	-27.5976	
934	-55.9762	-100	-100	-100	-47.0758	-29.6002	0	
935	-55.1676	-100	-100	-100	-38.4916	0	-58	
936	-60.471	-100	-100	-100	-2.78083	-58	-22.6062	
937	-53.8609	-100	-100	-100	0	-28.8183	0	
938	-56.0147	-100	-100	-100	-58	0	-58	
939	-65.7026	-100	-100	-100	-50.0038	-58	-10.281	
940	-54.9265	-100	-100	-100	-39.6475	-33.3409	0	
941	-55.3127	-100	-100	-100	-16.3407	0	-58	
942	-62.9979	-100	-100	-100	0	-58	-26.8508	
943	-53.0689	-100	-100	-100	-58	-32.6472	0	
944	-60.114	-100	-100	-100	-49.8097	0	-58	
945	-62.5363	-100	-100	-100	-47.5805	-58	-18.9387	
946	-51.0011	-100	0	-100	-34.618	-32.104	0	
947	-56.313	-100	0	-100	0	0	-58	
948	-62.9878	-100	0	-100	-58	-58	-28.974	
949	-54.1409	-100	0	-100	-42.9883	-27.7507	0	
950	-57.4017	-100	0	-100	-32.3426	0	-58	
951	-63.2274	-100	0	-100	0	-58	-14.3855	
952	-50.8158	-100	-100	-100	-58	-17.6043	0	
953	-55.5517	-100	-100	-100	-49.5239	0	-58	
954	-63.9739	-100	-100	-100	-44.5093	-58	-9.98431	
955	-55.6256	-100	-100	-100	-34.5889	-25.9197	0	
956	-56.1572	-100	-100	-100	0	0	-58	
957	-63.0605	-100	-100	-100	-58	-58	-27.8135	
958	-55.206	-100	-100	-100	-45.6856	-29.1641	0	
959	-55.1935	-100	-100	-100	-40.0429	0	-58	
960	-64.757	-100	-100	-100	-17.907	-58	-22.0448	
961	-55.7963	-100	-100	-100	0	-35.48	0	
962	-55.1706	-100	-100	-100	-58	0	-58	
963	-63.5696	-100	-100	-100	-47.226	-58	-14.9259	
964	-52.8834	-100	-100	-100	-39.1012	-35.8285	0	
965	-54.3895	-100	-100	-100	-10.2726	0	-58	
966	-65.8338	-100	-100	-100	0	-58	-25.1105	
967	-52.9124	-100	-100	-100	-58	-29.3829	0	
968	-60.247	-100	-100	0	-51.9282	0	-58	
969	-61.3154	-100	-100	0	-47.0411	-58	-23.2813	
970	-54.6846	-100	-100	0	-38.3372	0	0	
971	-53.9536	-100	-100	0	-1.62098	-58	-58	
972	-56.3143	-100	-100	0	0	0	-29.0891	
973	-54.7018	-100	-100	0	-58	-58	0	
974	-52.9691	-100	-100	-100	-45.5441	0	-58	
975	-60.0633	-100	-100	-100	-37.9617	-58	-23.7762	
976	-49.9524	-100	-100	-100	0	0	0	
977	-54.1311	-100	-100	-100	-58	-58	-58	
978	-56.3047	-100	-100	-100	-37.3878	0	-2.34213	
979	-54.8171	-100	-100	-100	0	-58	0	
980	-47.8544	-100	-100	-100	-58	-3.14139	-58	
981	-62.6886	-100	-100	-100	-43.6922	0	-4.4427	
982	-57.5939	-100	-100	-100	-32.5933	-58	0	
983	-51.1016	-100	-100	-100	0	-16.5186	-58	
984	-59.2035	-100	-100	-100	-58	0	-21.3784	
985	-57.7662	-100	-100	-100	-51.5086	-58	0	
986	-53.1682	-100	-100	-100	-39.5959	-27.5682	-58	
987	-58.4941	-100	-100	-100	-17.0607	0	-17.5252	
988	-59.9373	-100	-100	-100	0	-58	0	
989	-52.1076	-100	-100	-100	-58	-26.7138	-58	
990	-62.0496	-100	0	-100	-47.245	0	-5.31479	
991	-62.1754	-100	0	-100	-40.6424	-58	0	
992	-50.6817	-100	0	-100	-21.981	-23.6933	-58	
993	-67.5483	-100	0	-100	0	0	-23.0804	
994	-59.7127	-100	0	-100	-58	-58	0	
995	-52.7794	-100	0	-100	-45.2988	-20.558	-58	
996	-63.3846	-100	-100	-100	-35.6231	0	-5.63067	
997	-57.5816	-100	-100	-100	0	-58	0	
998	-52.4329	-100	-100	-100	-58	-23.3736	-58	
999	-65.7554	-100	-100	-100	-45.0107	0	-3.93014	
1000	-60.2125	-100	-100	-100	-39.7182	-58	0	
1001	-49.399	-100	-100	-100	-18.6995	-24.7283	-58	
1002	-62.9433	-100	-100	-100	0	0	-18.4951	
1003	-59.728	-100	-100	-100	-58	-58	0	
1004	-55.3118	-100	-100	-100	-47.3693	-32.9623	-58	
1005	-63.1101	-100	-100	-100	-38.0197	0	-14.9837	
1006	-60.3343	-100	-100	-100	0	-58	0	
1007	-52.6186	-100	-100	-100	-58	-27.2701	-58	
1008	-65.9025	-100	-100	-100	-46.5913	0	-9.69781	
1009	-61.2838	-100	-100	-100	-41.9783	-58	0	
1010	-53.2209	-100	-100	-100	-25.3008	-35.3408	-58	
1011	-61.1866	-100	-100	-100	0	0	-22.5753	
1012	-59.0697	-100	-100	0	-58	-58	0	
1013	-48.8729	-100	-100	0	-44.3507	-17.414	-58	
1014	-64.0277	-100	-100	0	-38.2029	0	-22.6355	
1015	-62.5752	-100	-100	0	0	-58	0	
1016	-56.8589	-100	-100	0	-58	0	-58	
1017	-63.4105	-100	-100	0	-49.5986	-58	-14.0577	
1018	-52.146	-100	-100	-100	-42.424	0	0	
1019	-54.793	-100	-100	-100	-33.2588	-58	-58	
1020	-56	-100	-100	-100	0	0	-24.3253	
1021	-57.5105	-100	-100	-100	-58	-58	0	
1022	-47.3154	-100	-100	-100	-42.1139	0	-58	
1023	-59.7623	-100	-100	-100	-26.8711	-58	-12.7377	
1024	-50.7414	-100	-100	-100	0	-1.86355	0	
1025	-51.8672	-100	-100	-100	-58	0	-58	
1026	-66.1437	-100	-100	-100	-48.1936	-58	-10.9913	
1027	-53.0544	-100	-100	-100	-36.9057	-22.2221	0	
1028	-55.0714	-100	-100	-100	0	0	-58	
1029	-63.1453	-100	-100	-100	-58	-58	-28.1628	
1030	-52.7335	-100	-100	-100	-42.6568	-30.7169	0	
1031	-57.3396	-100	-100	-100	-32.0846	0	-58	
1032	-65.7957	-100	-100	-100	0	-58	-22.6544	
1033	-52.0765	-100	-100	-100	-58	-29.1829	0	
1034	-59.5297	0	-100	-100	-51.7986	0	-58	
1035	-63.6278	0	-100	-100	-12.4849	-58	0	
1036	-54.5086	0	-100	-100	0	-31.969	-58	
1037	-59.5789	0	-100	-100	-58	0	0	
1038	-65.3022	0	-100	-100	0	-58	-58	
1039	-58.1492	0	-100	-100	-58	-39.4803	0	
1040	-62.482	-100	-100	-100	0	-47.137	-58	
1041	-64.9626	-100	-100	-100	-58	-62.7146	0	
1042	-60.5862	-100	-100	-100	0	-53.0664	-58	
1043	-68.1055	-100	-100	-100	-58	-64.6512	0	
1044	-65.1727	-100	-100	-100	0	-54.7564	-58	
1045	-72.5442	-100	-100	-100	-58	-72.3312	0	
1046	-63.7383	-100	-100	-100	-21.3287	-56.0559	-58	
1047	-70.3875	-100	-100	-100	0	-70.513	0	
1048	-70.2831	-100	-100	-100	-58	-64.7092	-58	
1049	-67.2385	-100	-100	-100	-42.7331	-72.9945	0	
1050	-69.5323	-100	-100	-100	-27.2144	-65.3212	-58	
1051	-68.1289	-100	-100	-100	0	-71.5142	-13.6389	
1052	-70.9329	-100	-100	-100	-58	-67.6873	0	
1053	-70.2731	-100	-100	-100	-48.1668	-64.321	-58	
1054	-70.4131	-100	-100	-100	-44.5478	-69.6927	-15.8524	
1055	-69.3912	-100	-100	-100	-38.4325	-70.4439	0	
1056	-70.4541	-100	0	-100	-2.54263	-67.1653	-58	
1057	-69.6498	-100	0	-100	0	-59.4012	-30.8835	
1058	-71.2932	-100	0	-100	-58	-60.1561	0	
1059	-67.8955	-100	0	-100	-61.047	-60.7064	-58	
1060	-65.8121	-100	0	-100	-56.9512	-55.2649	-16.92	
1061	-71.6194	-100	0	-100	-59.4588	-53.0161	0	
1062	-70.5934	-100	-100	-100	-62.3855	-51.2957	-58	
1063	-68.0119	-100	-100	-100	-62.0665	-56.8045	-29.8249	
1064	-70.1374	-100	-100	-100	-60.8886	-57.0863	0	
1065	-73.3214	-100	-100	-100	-57.8137	-57.2164	-58	
1066	-71.3879	-100	-100	-100	-59.7677	-59.5243	-41.6712	
1067	-74.0022	-100	-100	-100	-57.7239	-60.5767	-25.8437	
1068	-67.6814	-100	-100	-100	-61.9336	-59.347	0	
1069	-72.8465	-100	-100	-100	-61.1537	-59.488	-58	
1070	-70.2218	-100	-100	-100	-61.6074	-65.6044	-47.8473	
1071	-69.4867	-100	-100	-100	-64.678	-62.8878	-40.6477	
1072	-69.4153	-100	-100	-100	-63.8615	-60.064	-28.315	
1073	-70.6621	-100	-100	-100	-64.6741	-61.9049	0	
1074	-68.0903	-100	-100	-100	-64.7258	-61.8729	-58	
1075	-68.3491	-100	-100	-100	-64.9154	-64.4341	-52.3386	
1076	-70.0352	-100	-100	-100	-67.1914	-70.061	-48.4056	
1077	-67.9234	-100	-100	-100	-68.5454	-70.7042	-45.7043	
1078	-66.9249	-100	-100	0	-67.2483	-68.8832	-44.1706	
1079	-71.5566	-100	-100	0	-68.7567	-46.5363	-46.5186	
1080	-72.5255	-100	-100	0	-72.674	-21.5518	-51.0294	
1081	-71.8044	-100	-100	0	-74.6089	0	-57.5387	
1082	-71.8492	-100	-100	0	-76.33	-58	-66.23	
1083	-64.11	-100	-100	0	-66.2141	0	-57.4373	
1084	-53.7717	-100	-100	-100	-63.0861	-58	-58.5278	
1085	-43.6595	-100	-100	-100	-51.8466	0	-51.9656	
1086	-39.6125	-100	-100	-100	-50.636	-58	-49.4687	
1087	-15.9932	-100	-100	-100	-42.0588	0	-42.8628	
1088	0	-100	-100	-100	-31.8817	-58	-35.8824	
1089	-58	-100	-100	-100	0	0	0	
1090	-46.5303	-100	-100	-100	-58	-58	-58	
1091	-49.9615	-100	-100	-100	-46.0926	-9.25121	-16.9684	
1092	-48.2489	-100	-100	-100	-35.0774	0	0	
1093	-49.0968	-100	-100	-100	0	-58	-58	
1094	-48.2665	-100	-100	-100	-58	-20.3126	-31.2311	
1095	-52.7731	-100	-100	-100	-49.1495	0	0	
1096	-55.7488	-100	-100	-100	-39.2189	-58	-58	
1097	-54.2791	-100	-100	-100	-9.93406	-24.9272	-17.663	
1098	-56.9038	-100	-100	-100	0	0	0	
1099	-56.9274	-100	-100	-100	-58	-58	-58	
1100	-54.8042	-100	0	-100	-44.7803	-33.7222	-6.01054	
1101	-56.3757	-100	0	-100	-38.7289	0	0	
1102	-59.9019	-100	0	-100	-9.39024	-58	-58	
1103	-58.4753	-100	0	-100	0	-23.156	-16.1771	
1104	-55.4987	-100	0	-100	-58	0	0	
1105	-54.4221	-100	0	-100	-51.7529	-58	-58	
1106	-61.338	-100	-100	-100	-37.4126	-16.8736	-5.41526	
1107	-55.6479	-100	-100	-100	0	0	0	
1108	-56.4599	-100	-100	-100	-58	-58	-58	
1109	-60.8297	-100	-100	-100	-46.6915	-28.4921	0	
1110	-55.8429	-100	-100	-100	-40.2289	0	-58	
1111	-65.7012	-100	-100	-100	-18.077	-58	-20.0023	
1112	-51.6892	-100	-100	-100	0	-30.2885	0	
1113	-54.4889	-100	-100	-100	-58	0	-58	
1114	-63.7981	-100	-100	-100	-48.8847	-58	-9.84538	
1115	-54.1942	-100	-100	-100	-40.1101	-34.7101	0	
1116	-57.0678	-100	-100	-100	-20.8828	0	-58	
1117	-68.957	-100	-100	-100	0	-58	-30.5514	
1118	-53.3724	-100	-100	-100	-58	-31.5691	0	
1119	-54.1851	-100	-100	-100	-48.8105	0	-58	
1120	-64.3069	-100	-100	-100	-42.802	-58	-17.5274	
1121	-50.6	-100	-100	-100	-29.5452	-33.4593	0	
1122	-59.3248	-100	0	-100	0	0	-58	
1123	-61.2957	-100	0	-100	-58	-58	-28.3698	
1124	-57.1399	-100	0	-100	-48.5041	-26.6902	0	
1125	-57.3224	-100	0	-100	-41.8849	0	-58	
1126	-63.1781	-100	0	-100	-32.5722	-58	-12.8935	
1127	-55.5986	-100	0	-100	0	-15.7713	0	
1128	-54.6749	-100	-100	-100	-58	0	-58	
1129	-67.4843	-100	-100	-100	-51.0863	-58	-1.16027	
1130	-53.7418	-100	-100	-100	-38.2677	-24.561	0	
1131	-57.181	-100	-100	-100	0	0	-58	
1132	-60.731	-100	-100	-100	-58	-58	-26.796	
1133	-53.8381	-100	-100	-100	-47.8371	-31.9709	0	
1134	-54.8459	-100	-100	-100	-42.8054	0	-58	
1135	-63.2099	-100	-100	-100	-36.624	-58	-17.3462	
1136	-49.8061	-100	-100	-100	0	-28.8509	0	
1137	-55.076	-100	-100	-100	-58	0	-58	
1138	-67.8628	-100	-100	-100	-52.0883	-58	-11.6031	
1139	-49.6541	-100	-100	-100	-44.9634	-36.2998	0	
1140	-54.5829	-100	-100	-100	-37.182	0	-58	
1141	-65.4624	-100	-100	-100	0	-58	-23.005	
1142	-54.8963	-100	-100	-100	-58	-31.8091	0	
1143	-60.267	-100	-100	-100	-49.1082	0	-58	
1144	-60.2056	-100	-100	0	-40.4977	-58	-20.4432	
1145	-51.4274	-100	-100	0	-20.4874	-12.1844	0	
1146	-53.4121	-100	-100	0	0	0	-58	
1147	-63.555	-100	-100	0	-58	-58	-36.2054	
1148	-54.1966	-100	-100	0	-45.4096	0	0	
1149	-54.8323	-100	-100	0	-37.9952	-58	-58	
1150	-58.1798	-100	-100	-100	0	0	-26.7938	
1151	-53.9395	-100	-100	-100	-58	-58	0	
1152	-49.4563	-100	-100	-100	-44.2821	0	-58	
1153	-64.347	-100	-100	-100	-36.0838	-58	-15.3463	
1154	-46.2037	-100	-100	-100	0	0	0	
1155	-52.5175	-100	-100	-100	-58	-58	-58	
1156	-57.079	-100	-100	-100	-41.5284	-9.74954	-4.45902	
1157	-54.8989	-100	-100	-100	-25.2163	0	0	
1158	-54.6907	-100	-100	-100	0	-58	-58	
1159	-57.1506	-100	-100	-100	-58	-20.0603	-19.2002	
1160	-55.1063	-100	-100	-100	-51.5531	0	0	
1161	-55.4405	-100	-100	-100	-43.6677	-58	-58	
1162	-57.324	-100	-100	-100	-32.8563	-28.1316	-12.9967	
1163	-56.9508	-100	-100	-100	0	0	0	
1164	-57.0291	-100	-100	-100	-58	-58	-58	
1165	-57.4742	-100	-100	-100	-44.671	-34.6818	-7.44274	
1166	-59.527	-100	-100	0	-36.7911	0	0	
1167	-57.9442	-100	-100	0	0	-58	-58	
1168	-55.2337	-100	-100	0	-58	0	-26.487	
1169	-59.7725	-100	-100	0	-46.7649	-58	0	
1170	-52.2334	-100	-100	0	-34.9591	0	-58	
1171	-62.4764	-100	-100	0	0	-58	-24.6739	
1172	-53.7347	-100	-100	-100	-58	0	0	
1173	-54.8615	-100	-100	-100	-49.0281	-58	-58	
1174	-55.7461	-100	-100	-100	-33.4614	0	-13.1959	
1175	-59.3932	-100	-100	-100	0	-58	0	
1176	-48.203	-100	-100	-100	-58	0	-58	
1177	-63.4494	-100	-100	-100	-43.8365	-58	-9.73544	
1178	-47.198	-100	-100	-100	-30.8604	-3.05692	0	
1179	-53.0267	-100	-100	-100	0	0	-58	
1180	-63.1854	-100	-100	-100	-58	-58	-26.1057	
1181	-49.3637	-100	-100	-100	-40.8508	-22.6104	0	
1182	-59.2972	-100	-100	-100	-22.0756	0	-58	
1183	-60.1906	-100	-100	-100	0	-58	-23.3165	
1184	-53.9743	-100	-100	-100	-58	-27.7122	0	
1185	-56.5357	-100	-100	-100	-44.2545	0	-58	
1186	-63.7021	-100	-100	-100	-34.2293	-58	-13.4417	
1187	-52.9447	-100	-100	-100	0	-28.4284	0	
1188	-56.0901	-100	-100	0	-58	0	-58	
1189	-65.7992	-100	-100	0	-53.2129	-58	-6.79391	
1190	-51.5528	-100	-100	0	-40.3951	0	0	
1191	-55.1638	-100	-100	0	-23.265	-58	-58	
1192	-58.4194	-100	-100	0	0	0	-22.3421	
1193	-55.1466	-100	-100	0	-58	-58	0	
1194	-49.7017	-100	-100	-100	-44.0739	0	-58	
1195	-59.3554	-100	-100	-100	-33.7697	-58	-21.0832	
1196	-50.2931	-100	-100	-100	0	0	0	
1197	-52.2577	-100	-100	-100	-58	-58	-58	
1198	-58.4873	-100	-100	-100	-39.9388	0	-2.6708	
1199	-58.0136	-100	-100	-100	-18.834	-58	0	
1200	-49.7414	-100	-100	-100	0	-0.77794	-58	
1201	-61.0241	-100	-100	-100	-58	0	-24.4931	
1202	-55.3417	-100	-100	-100	-48.3089	-58	0	
1203	-56.1097	-100	-100	-100	-34.4326	-19.5401	-58	
1204	-58.8715	-100	-100	-100	0	0	-17.6155	
1205	-60.1462	-100	-100	-100	-58	-58	0	
1206	-53.6077	-100	-100	-100	-45.6405	-27.8232	-58	
1207	-65.9024	-100	-100	-100	-35.5034	0	-12.0842	
1208	-57.198	-100	-100	-100	0	-58	0	
1209	-53.8465	-100	-100	-100	-58	-29.8521	-58	
1210	-64.5734	0	-100	-100	-45.4854	0	-11.3214	
1211	-59.2504	0	-100	-100	-13.9925	-58	0	
1212	-48.8363	0	-100	-100	0	-32.1842	-58	
1213	-61.6309	0	-100	-100	-58	0	0	
1214	-58.9581	0	-100	-100	0	-58	-58	
1215	-58.0295	0	-100	-100	-58	-40.5183	0	
1216	-61.1606	-100	-100	-100	0	-55.143	-58	
1217	-62.3236	-100	-100	-100	-58	-55.484	0	
1218	-64.2826	-100	-100	-100	0	-58.7099	-58	
1219	-67.3148	-100	-100	-100	-58	-62.4274	0	
1220	-63.8571	-100	-100	-100	0	-60.7762	-58	
1221	-65.8141	-100	-100	-100	-58	-66.4974	0	
1222	-68.1953	-100	-100	-100	-19.5699	-64.4264	-58	
1223	-69.2241	-100	-100	-100	0	-64.7751	0	
1224	-67.7851	-100	-100	-100	-58	-62.0732	-58	
1225	-70.3285	-100	-100	-100	-36.3232	-70.2873	0	
1226	-65.8772	-100	-100	-100	0	-65.7808	-58	
1227	-73.4312	-100	-100	-100	-58	-73.1675	-12.1884	
1228	-67.7343	-100	-100	-100	-51.1891	-65.9949	0	
1229	-68.9213	-100	-100	-100	-47.2701	-73.4595	-58	
1230	-70.881	-100	-100	-100	-45.1778	-67.7943	-20.705	
1231	-69.1003	-100	-100	-100	-42.3533	-68.7515	0	
1232	-70.2198	0	-100	-100	-36.8105	-69.8329	-58	
1233	-69.9598	0	-100	-100	0	-71.707	-8.29148	
1234	-70.6943	0	-100	-100	-58	-69.4204	0	
1235	-68.2832	0	-100	-100	0	-68.2991	-58	
1236	-73.4419	0	-100	-100	-58	-69.0455	0	
1237	-73.248	0	-100	-100	0	-66.4258	-58	
1238	-71.5906	-100	-100	-100	-58	-68.9134	0	
1239	-67.3335	-100	-100	-100	0	-69.1761	-58	
1240	-75.0412	-100	-100	-100	-58	-69.3133	0	
1241	-68.557	-100	-100	-100	0	-70.5177	-58	
1242	-69.0748	-100	-100	-100	-58	-68.5002	0	
1243	-70.7106	-100	-100	-100	-19.3121	-69.9012	-58	
1244	-69.7764	-100	-100	-100	0	-68.4697	0	
1245	-70.076	-100	-100	-100	-58	-69.3232	-58	
1246	-71.5653	-100	-100	-100	-33.8801	-65.5014	0	
1247	-68.6322	-100	-100	-100	0	-69.6311	-58	
1248	-72.6265	-100	-100	-100	-58	-68.8307	-9.51348	
1249	-66.6318	-100	-100	-100	-48.1574	-66.8303	0	
1250	-68.1508	-100	-100	-100	-41.4191	-72.6577	-58	
1251	-73.4114	-100	-100	-100	-32.7411	-66.8579	-16.5542	
1252	-67.5179	-100	-100	-100	0	-70.5923	0	
1253	-68.9022	-100	-100	-100	-58	-70.1701	-58	
1254	-72.8567	-100	-100	0	-56.293	-70.6683	-14.1067	
1255	-69.2809	-100	-100	0	-50.6716	-39.9739	0	
1256	-70.7547	-100	-100	0	-49.7448	-23.204	-58	
1257	-70.6072	-100	-100	0	-49.5374	0	-38.3203	
1258	-65.4891	-100	-100	0	-51.9106	-58	-8.89741	
1259	-59.1896	-100	-100	0	-46.7643	0	0	
1260	-59.5742	-100	-100	-100	-43.8228	-58	-58	
1261	-59.7781	-100	-100	-100	-38.0654	0	-39.5279	
1262	-58.0004	-100	-100	-100	-0.593017	-58	-16.8174	
1263	-50.8268	-100	-100	-100	0	0	0	
1264	-48.1888	-100	-100	-100	-58	-58	-58	
1265	-60.5995	-100	-100	-100	-42.3882	-7.50076	-16.5273	
1266	-54.6276	-100	-100	-100	-30.1519	0	0	
1267	-56.7324	-100	-100	-100	0	-58	-58	
1268	-57.4456	-100	-100	-100	-58	-21.2055	-29.9248	
1269	-60.4516	-100	-100	-100	-47.2208	0	0	
1270	-57.1552	-100	-100	-100	-40.6604	-58	-58	
1271	-55.5499	-100	-100	-100	-18.3048	-25.9754	-19.8057	
1272	-56.1027	-100	-100	-100	0	0	0	
1273	-57.0549	-100	-100	-100	-58	-58	-58	
1274	-59.0921	-100	-100	-100	-43.945	-33.2341	-8.269	
1275	-56.5505	-100	-100	-100	-35.8452	0	0	
1276	-58.4875	0	-100	-100	0	-58	-58	
1277	-54.7833	0	-100	-100	-58	-34.8931	0	
1278	-59.1908	0	-100	-100	0	0	-58	
1279	-59.9616	0	-100	-100	-58	-58	0	
1280	-55.5578	0	-100	-100	0	-42.9354	-58	
1281	-66.6786	0	-100	-100	-58	-59.4099	0	
1282	-59.9279	-100	-100	-100	0	-54.741	-58	
1283	-66.1345	-100	-100	-100	-58	-59.3504	0	
1284	-67.1246	-100	-100	-100	0	-63.713	-58	
1285	-64.7804	-100	-100	-100	-58	-59.4934	0	
1286	-69.0167	-100	-100	-100	-2.31406	-65.8978	-58	
1287	-68.8931	-100	-100	-100	0	-65.5716	0	
1288	-68.708	-100	-100	-100	-58	-63.3151	-58	
1289	-68.215	-100	-100	-100	-29.8291	-67.8598	0	
1290	-70.069	-100	-100	-100	0	-66.4841	-58	
1291	-68.8564	-100	-100	-100	-58	-65.8385	-4.98542	
1292	-69.5285	-100	-100	-100	-44.0898	-68.7328	0	
1293	-69.513	-100	-100	-100	-34.319	-66.3422	-58	
1294	-70.9676	-100	-100	-100	0	-70.6084	-19.0249	
1295	-66.2075	-100	-100	-100	-58	-65.194	0	
1296	-69.9305	-100	-100	-100	-52.0595	-69.9974	-58	
1297	-68.5283	-100	-100	-100	-49.3595	-70.0626	-22.2923	
1298	-70.3288	-100	0	-100	-48.8658	-67.8089	0	
1299	-65.7907	-100	0	-100	-47.3211	-63.5565	-58	
1300	-75.513	-100	0	-100	-47.5535	-61.5685	-30.4171	
1301	-68.4203	-100	0	-100	-47.1756	-53.8969	0	
1302	-70.746	-100	0	-100	-46.7762	-51.3503	-58	
1303	-69.0994	-100	0	-100	-48.6679	-54.0605	-35.4494	
1304	-66.8564	-100	-100	-100	-50.3021	-48.347	0	
1305	-69.0756	-100	-100	-100	-49.7725	-48.6709	-58	
1306	-67.6651	-100	-100	-100	-50.8634	-51.5599	-40.6842	
1307	-69.5557	-100	-100	-100	-49.9942	-54.4677	-24.6822	
1308	-70.5112	-100	-100	-100	-52.9808	-55.7841	0	
1309	-70.2231	-100	-100	-100	-56.7022	-52.599	-58	
1310	-67.7431	-100	-100	-100	-59.1608	-58.0254	-46.6334	
1311	-70.6409	-100	-100	-100	-59.8399	-64.0242	-39.6198	
1312	-69.209	-100	-100	-100	-59.9439	-60.7624	-20.4607	
1313	-73.9896	-100	-100	-100	-60.0499	-59.3173	0	
1314	-69.6072	-100	-100	-100	-59.0521	-59.1683	-58	
1315	-68.2916	-100	-100	-100	-61.8549	-66.4535	-52.2267	
1316	-72.0724	-100	-100	-100	-65.6685	-66.7956	-47.6883	
1317	-70.9408	-100	-100	-100	-66.1124	-68.6004	-48.6905	
1318	-68.4636	-100	-100	-100	-62.7756	-70.4846	-45.9571	
1319	-67.0334	-100	-100	-100	-63.9873	-68.3019	-45.1603	
1320	-66.7469	-100	-100	0	-63.8784	-65.7558	-39.957	
1321	-66.1461	-100	-100	0	-66.2131	-42.8443	-30.284	
1322	-67.5084	-100	-100	0	-65.1729	-17.2121	0	
1323	-67.4903	-100	-100	0	-65.5931	0	-58	
1324	-71.0904	-100	-100	0	-65.3422	-58	-60.0726	
1325	-60.6452	-100	-100	0	-60.2737	0	-52.5524	
1326	-63.4989	-100	-100	-100	-56.663	-58	-53.8863	
1327	-52.096	-100	-100	-100	-48.1106	0	-52.5005	
1328	-49.4057	-100	-100	-100	-43.476	-58	-48.6238	
1329	-41.2859	-100	-100	-100	-31.4965	0	-43.196	
1330	-27.6234	-100	-100	-100	0	-58	-39.1308	
1331	0	-100	-100	-100	-58	0	-12.0488	
1332	-58	-100	-100	-100	-53.393	-58	0	
1333	-44.3418	-100	-100	-100	-39.6916	-4.92059	-58	
1334	-48.0688	-100	-100	-100	-17.7901	0	-26.7808	
1335	-52.9984	-100	-100	-100	0	-58	0	
1336	-45.9778	-100	-100	-100	-58	-16.8937	-58	
1337	-55.3415	-100	-100	-100	-48.9639	0	-13.9986	
1338	-58.9832	-100	-100	-100	-38.6336	-58	0	
1339	-47.0802	-100	-100	-100	-3.82587	-27.8673	-58	
1340	-55.1206	-100	-100	-100	0	0	-25.2907	
1341	-61.377	-100	-100	-100	-58	-58	0	
1342	-51.1192	0	-100	-100	-45.1108	-32.1138	-58	
1343	-64.2842	0	-100	-100	-7.00687	0	0	
1344	-60.7645	0	-100	-100	0	-58	-58	
1345	-56.3876	0	-100	-100	-58	-38.3512	0	
1346	-64.5176	0	-100	-100	0	-27.4822	-58	
1347	-62.4437	0	-100	-100	-58	0	0	
1348	-66.1585	-100	-100	-100	0	-58	-58	
1349	-58.7607	-100	-100	-100	-58	-41.2465	0	
1350	-63.1532	-100	-100	-100	0	-59.355	-58	
1351	-65.9456	-100	-100	-100	-58	-55.6839	0	
1352	-62.3862	-100	-100	-100	0	-63.0411	-58	
1353	-65.1338	-100	-100	-100	-58	-59.7644	0	
1354	-69.5802	-100	-100	-100	-21.4897	-63.4111	-58	
1355	-65.1311	-100	-100	-100	0	-64.5564	0	
1356	-67.477	-100	-100	-100	-58	-62.3479	-58	
1357	-72.438	-100	-100	-100	-39.3093	-69.0969	0	
1358	-63.2904	-100	-100	-100	-10.2816	-66.6645	-58	
1359	-69.9535	-100	-100	-100	0	-66.5296	-11.4729	
1360	-70.2093	-100	-100	-100	-58	-69.4406	0	
1361	-69.0936	-100	-100	-100	-50.7471	-65.0779	-58	
1362	-66.5339	-100	-100	-100	-48.3934	-70.7997	-14.3364	
1363	-70.1009	-100	-100	-100	-46.3295	-69.4932	0	
1364	-71.9565	-100	-100	0	-45.5668	-68.4515	-58	
1365	-70.1706	-100	-100	0	-41.2208	-47.7047	-34.47	
1366	-70.693	-100	-100	0	-32.6845	-31.3136	0	
1367	-70.8719	-100	-100	0	0	0	-58	
1368	-71.3324	-100	-100	0	-58	-58	-47.2413	
1369	-65.6688	-100	-100	0	-51.7743	0	-25.4703	
1370	-65.9293	-100	-100	-100	-45.2015	-58	0	
1371	-54.051	-100	-100	-100	-38.3831	0	-58	
1372	-65.1762	-100	-100	-100	0	-58	-31.9064	
1373	-50.0943	-100	-100	-100	-58	0	0	
1374	-57.7239	-100	-100	-100	-47.7558	-58	-58	
1375	-54.9053	-100	-100	-100	-36.993	-4.7675	-14.814	
1376	-56.0174	-100	-100	-100	0	0	0	
1377	-52.8496	-100	-100	-100	-58	-58	-58	
1378	-57.8686	-100	-100	-100	-41.2505	-23.173	-8.4447	
1379	-58.1445	-100	-100	-100	-27.2868	0	0	
1380	-53.5857	-100	-100	-100	0	-58	-58	
1381	-63.7985	-100	-100	-100	-58	-27.4113	-22.754	
1382	-61.006	-100	-100	-100	-49.8404	0	0	
1383	-57.0706	-100	-100	-100	-48.8882	-58	-58	
1384	-61.0881	-100	-100	-100	-40.4481	-31.0107	-15.8112	
1385	-56.6579	-100	-100	-100	-21.2803	0	0	
1386	-55.9175	-100	-100	0	0	-58	-58	
1387	-52.749	-100	-100	0	-58	-10.7285	-26.6871	
1388	-57.5921	-100	-100	0	-49.605	0	0	
1389	-60.7529	-100	-100	0	-45.0404	-58	-58	
1390	-54.6619	-100	-100	0	-37.8324	0	-24.5477	
1391	-59.0312	-100	-100	0	0	-58	0	
1392	-50.7526	-100	-100	-100	-58	0	-58	
1393	-65.1673	-100	-100	-100	-48.5134	-58	-17.9444	
1394	-49.7634	-100	-100	-100	-34.9044	0	0	
1395	-55.9547	-100	-100	-100	0	-58	-58	
1396	-52.8294	-100	-100	-100	-58	0	-20.5366	
1397	-58.7308	-100	-100	-100	-44.052	-58	0	
1398	-48.4615	-100	-100	-100	-33.2625	-3.99849	-58	
1399	-59.0302	-100	-100	-100	0	0	-17.6054	
1400	-54.3179	-100	-100	-100	-58	-58	0	
1401	-53.4712	-100	-100	-100	-44.736	-19.5452	-58	
1402	-59.8715	-100	-100	-100	-38.9147	0	-13.4195	
1403	-59.7772	-100	-100	-100	-11.511	-58	0	
1404	-52.9121	-100	-100	-100	0	-21.0833	-58	
1405	-62.7064	-100	-100	-100	-58	0	-25.138	
1406	-60.5064	-100	-100	-100	-51.9328	-58	0	
1407	-54.33	-100	-100	-100	-41.1235	-27.9937	-58	
1408	-61.5351	-100	0	-100	-27.9143	0	-23.6093	
1409	-58.3221	-100	0	-100	0	-58	0	
1410	-53.0735	-100	0	-100	-58	-18.9885	-58	
1411	-63.6936	-100	0	-100	-49.6343	0	-3.99956	
1412	-57.8363	-100	0	-100	-42.5992	-58	0	
1413	-50.3818	-100	0	-100	-31.1693	-17.8068	-58	
1414	-63.6906	-100	-100	-100	0	0	-14.7542	
1415	-61.0682	-100	-100	-100	-58	-58	0	
1416	-59.2142	-100	-100	-100	-47.3199	-26.8571	-58	
1417	-56.9693	-100	-100	-100	-43.8606	0	-11.7582	
1418	-59.2142	-100	-100	-100	-35.7646	-58	0	
1419	-50.9476	-100	-100	-100	0	-26.4058	-58	
1420	-58.5264	-100	-100	-100	-58	0	-26.4452	
1421	-62.258	-100	-100	-100	-53.2538	-58	0	
1422	-53.5017	-100	-100	-100	-43.156	-28.1762	-58	
1423	-61.8095	-100	-100	-100	-34.8365	0	-17.5012	
1424	-55.0748	-100	-100	-100	0	-58	0	
1425	-53.7896	-100	-100	-100	-58	-31.4238	-58	
1426	-64.0055	-100	-100	-100	-47.1021	0	-9.98785	
1427	-58.0812	-100	-100	-100	-39.3185	-58	0	
1428	-54.7919	-100	-100	-100	-12.3234	-31.5442	-58	
1429	-59.7129	-100	-100	-100	0	0	-24.7395	
1430	-62.1281	0	-100	-100	-58	-58	0	
1431	-52.4392	0	-100	-100	-5.40193	-36.6043	-58	
1432	-65.8708	0	-100	-100	0	0	0	
1433	-59.0313	0	-100	-100	-58	-58	-58	
1434	-63.0032	0	-100	-100	0	-40.9751	0	
1435	-57.8461	0	-100	-100	-58	-49.6144	-58	
1436	-66.3209	-100	-100	-100	0	-67.8237	0	
1437	-63.218	-100	-100	-100	-58	-48.4389	-58	
1438	-68.0672	-100	-100	-100	0	-76.8116	0	
1439	-64.6184	-100	-100	-100	-58	-50.9472	-58	
1440	-70.3034	-100	-100	-100	-1.44286	-76.1509	0	
1441	-65.4885	-100	-100	-100	0	-57.4267	-58	
1442	-75.9109	-100	-100	-100	-58	-68.7696	0	
1443	-64.4867	-100	-100	-100	-31.5167	-68.5563	-58	
1444	-72.7964	-100	-100	-100	0	-66.5058	0	
1445	-66.7001	-100	-100	-100	-58	-67.5188	-58	
1446	-76.3458	-100	-100	-100	-41.9237	-68.3157	0	
1447	-67.5674	-100	-100	-100	-30.8984	-68.0785	-58	
1448	-68.7551	-100	-100	-100	0	-70.9981	-13.5438	
1449	-72.013	-100	-100	-100	-58	-67.8925	0	
1450	-67.136	-100	-100	-100	-53.1507	-71.6273	-58	
1451	-74.5336	-100	-100	-100	-50.139	-68.5184	-16.8086	
1452	-67.996	-100	-100	0	-49.8818	-69.2791	0	
1453	-70.1911	-100	-100	0	-52.1961	-44.8389	-58	
1454	-72.6042	-100	-100	0	-51.514	-32.096	-38.2657	
1455	-69.6446	-100	-100	0	-53.3427	0	-1.10518	
1456	-71.5488	-100	-100	0	-58.113	-58	0	
1457	-58.1676	-100	-100	0	-50.8911	0	-58	
1458	-63.1362	-100	-100	-100	-45.9609	-58	-44.3714	
1459	-56.6034	-100	-100	-100	-40.9821	0	-39.7765	
1460	-59.7397	-100	-100	-100	-25.0612	-58	-25.0875	
1461	-50.3	-100	-100	-100	0	0	0	
1462	-50.9426	-100	-100	-100	-58	-58	-58	
1463	-52.9274	-100	-100	-100	-41.6099	-4.37104	-12.6766	
1464	-55.4924	-100	-100	-100	-23.526	0	0	
1465	-52.1649	-100	-100	-100	0	-58	-58	
1466	-55.4581	-100	-100	-100	-58	-16.7955	-28.9129	
1467	-54.8221	-100	-100	-100	-51.2509	0	0	
1468	-55.5471	-100	-100	-100	-42.5604	-58	-58	
1469	-56.0805	-100	-100	-100	-31.6929	-26.8863	-19.7646	
1470	-55.0494	-100	-100	-100	0	0	0	
1471	-54.9568	-100	-100	-100	-58	-58	-58	
1472	-53.9366	-100	-100	-100	-42.8501	-32.0998	-11.0086	
1473	-56.6217	-100	-100	-100	-33.1102	0	0	
1474	-55.9187	-100	0	-100	0	-58	-58	
1475	-57.0251	-100	0	-100	-58	-28.6116	-20.6202	
1476	-56.6012	-100	0	-100	-46.601	0	0	
1477	-60.2964	-100	0	-100	-43.451	-58	-58	
1478	-56.4782	-100	0	-100	-33.7812	-24.1346	-11.4014	
1479	-57.449	-100	0	-100	0	0	0	
1480	-54.0066	-100	-100	-100	-58	-58	-58	
1481	-61.1205	-100	-100	-100	-43.976	-22.2418	0	
1482	-59.1327	-100	-100	-100	-37.9165	0	-58	
1483	-62.025	-100	-100	-100	0	-58	-14.1022	
1484	-57.1323	-100	-100	-100	-58	-26.9557	0	
1485	-57.944	-100	-100	-100	-47.9564	0	-58	
1486	-65.9576	-100	-100	-100	-43.451	-58	-11.1074	
1487	-55.7755	-100	-100	-100	-33.1634	-36.3973	0	
1488	-57.3479	-100	-100	-100	0	0	-58	
1489	-59.7987	-100	-100	-100	-58	-58	-28.8708	
1490	-55.3083	-100	-100	-100	-46.4782	-35.3283	0	
1491	-58.3002	-100	-100	-100	-40.2298	0	-58	
1492	-60.3447	-100	-100	-100	-19.4414	-58	-22.9025	
1493	-57.6924	-100	-100	-100	0	-29.0903	0	
1494	-56.6645	-100	-100	-100	-58	0	-58	
1495	-66.0686	-100	-100	-100	-47.3996	-58	-11.6882	
1496	-53.3553	-100	0	-100	-37.0194	-35.7262	0	
1497	-57.8894	-100	0	-100	0	0	-58	
1498	-58.0739	-100	0	-100	-58	-58	-22.4974	
1499	-52.6087	-100	0	-100	-42.7087	-26.9126	0	
1500	-57.044	-100	0	-100	-33.1697	0	-58	
1501	-65.6011	-100	0	-100	0	-58	-15.3833	
1502	-54.3071	-100	-100	-100	-58	-17.9972	0	
1503	-57.0224	-100	-100	-100	-47.0701	0	-58	
1504	-63.7848	-100	-100	-100	-41.6753	-58	-10.9796	
1505	-53.3685	-100	-100	-100	-27.5856	-27.2684	0	
1506	-57.2312	-100	-100	-100	0	0	-58	
1507	-59.9028	-100	-100	-100	-58	-58	-27.2087	
1508	-55.3332	-100	-100	-100	-46.6113	-28.8666	0	
1509	-56.6526	-100	-100	-100	-41.7607	0	-58	
1510	-62.7218	-100	-100	-100	-31.1749	-58	-23.5621	
1511	-52.3676	-100	-100	-100	0	-30.5132	0	
1512	-53.87	-100	-100	-100	-58	0	-58	
1513	-66.6145	-100	-100	-100	-48.9185	-58	-13.7055	
1514	-52.9514	-100	-100	-100	-36.7409	-31.859	0	
1515	-55.6243	-100	-100	-100	0	0	-58	
1516	-62.8779	-100	-100	-100	-58	-58	-28.3791	
1517	-55.9407	-100	-100	-100	-47.3573	-34.9205	0	
1518	-56.1637	-100	-100	0	-38.6845	0	-58	
1519	-62.7938	-100	-100	0	-4.07731	-58	-24.8714	
1520	-56.0873	-100	-100	0	0	0	0	
1521	-51.2382	-100	-100	0	-58	-58	-58	
1522	-63.5086	-100	-100	0	-45.8669	0	-9.1176	
1523	-56.2928	-100	-100	0	-38.8524	-58	0	
1524	-49.6081	-100	-100	-100	-1.55297	0	-58	
1525	-60.564	-100	-100	-100	0	-58	-28.2462	
1526	-48.8001	-100	-100	-100	-58	0	0	
1527	-56.5362	-100	-100	-100	-46.7705	-58	-58	
1528	-54.6817	-100	-100	-100	-37.8879	0	-14.2778	
1529	-56.8019	-100	-100	-100	0	-58	0	
1530	-48.9091	-100	-100	-100	-58	-0.434909	-58	
1531	-63.5066	-100	-100	-100	-43.7552	0	-6.18858	
1532	-57.494	-100	-100	-100	-31.7509	-58	0	
1533	-52.1239	-100	-100	-100	0	-15.8232	-58	
1534	-61.0117	-100	-100	-100	-58	0	-26.8371	
1535	-60.0942	-100	-100	-100	-45.8559	-58	0	
1536	-54.2093	-100	-100	-100	-36.2865	-25.1422	-58	
1537	-61.4291	-100	-100	-100	0	0	-21.3171	
1538	-59.7338	-100	-100	-100	-58	-58	0	
1539	-52.7622	-100	-100	-100	-42.6063	-29.7345	-58	
1540	-63.1093	-100	0	-100	-32.6481	0	-12.4101	
1541	-58.1761	-100	0	-100	0	-58	0	
1542	-54.6199	-100	0	-100	-58	-23.243	-58	
1543	-63.5493	-100	0	-100	-49.3468	0	0	
1544	-59.8608	-100	0	-100	-42.886	-58	-58	
1545	-58.1163	-100	0	-100	-31.5176	-22.7958	-5.36007	
1546	-59.7303	-100	-100	-100	0	0	0	
1547	-55.6584	-100	-100	-100	-58	-58	-58	
1548	-60.9153	-100	-100	-100	-45.0137	-26.141	-1.17423	
1549	-60.9474	-100	-100	-100	-37.3753	0	0	
1550	-55.6376	-100	-100	-100	0	-58	-58	
1551	-60.5887	-100	-100	-100	-58	-27.3661	-18.0557	
1552	-58.5746	-100	-100	-100	-47.3564	0	0	
1553	-57.5001	-100	-100	-100	-42.8489	-58	-58	
1554	-56.8197	-100	-100	-100	-31.9493	-29.2617	-16.9441	
1555	-57.3812	-100	-100	-100	0	0	0	
1556	-56.0875	-100	-100	-100	-58	-58	-58	
1557	-61.9255	-100	-100	-100	-45.174	-33.6292	-4.78196	
1558	-57.2804	-100	-100	-100	-37.1551	0	0	
1559	-55.6311	-100	-100	-100	0	-58	-58	
1560	-56.7207	-100	-100	-100	-58	-35.41	-22.281	
1561	-59.9818	-100	-100	-100	-48.5347	0	0	
1562	-58.8538	-100	-100	0	-46.3404	-58	-58	
1563	-58.3322	-100	-100	0	-36.644	-12.0014	-17.9323	
1564	-54.8065	-100	-100	0	0	0	0	
1565	-58.7943	-100	-100	0	-58	-58	-58	
1566	-58.4706	-100	-100	0	-43.8341	0	-14.3647	
1567	-55.2644	-100	-100	0	-38.2779	-58	0	
1568	-51.2872	-100	-100	-100	0	0	-58	
1569	-60.5476	-100	-100	-100	-58	-58	-30.3952	
1570	-50.2709	-100	-100	-100	-40.1684	0	0	
1571	-53.023	-100	-100	-100	-17.4127	-58	-58	
1572	-54.6276	-100	-100	-100	0	0	-14.7025	
1573	-55.5276	-100	-100	-100	-58	-58	0	
1574	-53.5438	-100	-100	-100	-43.2724	-5.47443	-58	
1575	-54.7799	-100	-100	-100	-31.0264	0	-12.954	
1576	-60.0945	-100	-100	-100	0	-58	0	
1577	-50.2424	-100	-100	-100	-58	-13.9967	-58	
1578	-65.3408	-100	-100	-100	-46.0096	0	-5.79306	
1579	-57.0541	-100	-100	-100	-38.7455	-58	0	
1580	-50.044	-100	-100	-100	-2.88972	-25.1397	-58	
1581	-63.4913	-100	-100	-100	0	0	-25.2046	
1582	-58.132	-100	-100	-100	-58	-58	0	
1583	-53.8705	-100	-100	-100	-43.428	-30.1764	-58	
1584	-63.3759	-100	-100	0	-38.2964	0	-13.9766	
1585	-57.4448	-100	-100	0	0	-58	0	
1586	-50.3093	-100	-100	0	-58	0	-58	
1587	-64.093	-100	-100	0	-48.2192	-58	-11.912	
1588	-50.6569	-100	-100	0	-39.1227	0	0	
1589	-53.9778	-100	-100	0	-10.8514	-58	-58	
1590	-54.2549	-100	-100	-100	0	0	-28.462	
1591	-54.7023	-100	-100	-100	-58	-58	0	
1592	-51.1702	-100	-100	-100	-41.4252	0	-58	
1593	-60.2203	-100	-100	-100	-23.5076	-58	-14.435	
1594	-50.5928	-100	-100	-100	0	0	0	
1595	-53.5836	-100	-100	-100	-58	-58	-58	
1596	-61.423	-100	-100	-100	-37.4008	-7.52629	-1.79217	
1597	-53.9379	-100	-100	-100	0	0	0	
1598	-54.4574	-100	-100	-100	-58	-58	-58	
1599	-59.4923	-100	-100	-100	-43.6578	-25.5764	-1.87285	
1600	-57.4702	-100	-100	-100	-31.6128	0	0	
1601	-60.6444	-100	-100	-100	0	-58	-58	
1602	-58.2253	-100	-100	-100	-58	-29.2712	-13.9844	
1603	-59.4907	-100	-100	-100	-46.9855	0	0	
1604	-59.3798	-100	-100	-100	-39.1232	-58	-58	
1605	-57.9503	-100	-100	-100	-10.2114	-34.5784	-15.966	
1606	-58.3975	-100	-100	0	0	0	0	
1607	-55.9685	-100	-100	0	-58	-58	-58	
1608	-59.0398	-100	-100	0	-45.1719	-0.210481	-9.74867	
1609	-56.2241	-100	-100	0	-36.1027	0	0	
1610	-55.5671	-100	-100	0	0	-58	-58	
1611	-55.7791	-100	-100	0	-58	0	-26.977	
1612	-60.4294	-100	-100	-100	-47.0591	-58	0	
1613	-47.1205	-100	-100	-100	-33.4178	0	-58	
1614	-64.3856	-100	-100	-100	0	-58	-23.0911	
1615	-53.3465	-100	-100	-100	-58	0	0	
1616	-55.8647	-100	-100	-100	-49.4104	-58	-58	
1617	-55.0036	-100	-100	-100	-36.5496	-2.52143	-11.5617	
1618	-56.0667	-100	-100	-100	0	0	0	
1619	-55.0993	-100	-100	-100	-58	-58	-58	
1620	-59.2782	-100	-100	-100	-47.5047	-23.2682	-2.87747	
1621	-55.4433	-100	-100	-100	-40.7455	0	0	
1622	-56.8638	-100	-100	-100	-27.5014	-58	-58	
1623	-56.6589	-100	-100	-100	0	-23.4012	-23.1789	
1624	-53.2188	-100	-100	-100	-58	0	0	
1625	-57.9532	-100	-100	-100	-49.8621	-58	-58	
1626	-57.0694	-100	-100	-100	-39.1383	-31.748	-12.6075	
1627	-57.8505	-100	-100	-100	-10.6559	0	0	
1628	-58.6097	0	-100	-100	0	-58	-58	
1629	-57.8071	0	-100	-100	-58	-38.326	-4.12676	
1630	-60.1754	0	-100	-100	0	-20.8208	0	
1631	-58.8919	0	-100	-100	-58	0	-58	
1632	-66.3504	0	-100	-100	0	-58	0	
1633	-58.7055	0	-100	-100	-58	-41.6442	-58	
1634	-65.776	-100	-100	-100	0	-64.1261	0	
1635	-58.5578	-100	-100	-100	-58	-48.0603	-58	
1636	-67.2002	-100	-100	-100	0	-69.2454	0	
1637	-64.7706	-100	-100	-100	-58	-54.4133	-58	
1638	-64.1755	-100	-100	-100	-1.56447	-70.2975	0	
1639	-71.396	-100	-100	-100	0	-62.1685	-58	
1640	-64.1853	-100	-100	-100	-58	-68.8596	0	
1641	-68.0856	-100	-100	-100	-28.995	-66.0147	-58	
1642	-69.8078	-100	-100	-100	0	-65.3861	0	
1643	-66.0198	-100	-100	-100	-58	-66.8649	-58	
1644	-68.4797	-100	-100	-100	-45.9145	-68.8848	-0.278445	
1645	-71.976	-100	-100	-100	-39.3582	-71.21	0	
1646	-72.7189	-100	-100	-100	-14.8974	-65.6941	-58	
1647	-69.9755	-100	-100	-100	0	-69.3124	-22.2599	
1648	-71.4881	-100	-100	-100	-58	-70.0942	0	
1649	-69.4751	-100	-100	-100	-55.7932	-67.996	-58	
1650	-67.8208	-100	-100	0	-52.8313	-66.9896	-20.5178	
1651	-71.3008	-100	-100	0	-52.4289	-48.5694	0	
1652	-71.0991	-100	-100	0	-53.6342	-31.3067	-58	
1653	-66.7411	-100	-100	0	-50.981	0	-43.8491	
1654	-70.7742	-100	-100	0	-55.6362	-58	-41.387	
1655	-61.651	-100	-100	0	-50.4774	0	-33.0529	
1656	-62.3013	-100	-100	-100	-46.6056	-58	0	
1657	-55.712	-100	-100	-100	-34.7279	0	-58	
1658	-59.7471	-100	-100	-100	0	-58	-43.7162	
1659	-53.6935	-100	-100	-100	-58	0	-33.5757	
1660	-54.6149	-100	-100	-100	-49.6056	-58	0	
1661	-47.8128	-100	-100	-100	-39.1593	-5.13754	-58	
1662	-56.0931	-100	-100	-100	-11.5545	0	-27.8777	
1663	-55.6091	-100	-100	-100	0	-58	0	
1664	-51.5733	-100	-100	-100	-58	-12.8416	-58	
1665	-59.0949	-100	-100	-100	-49.6703	0	-14.2583	
1666	-60.8581	-100	-100	-100	-44.1433	-58	0	
1667	-53.839	-100	-100	-100	-33.605	-23.2262	-58	
1668	-57.0229	-100	-100	-100	0	0	-28.5693	
1669	-59.9804	-100	-100	-100	-58	-58	0	
1670	-50.962	-100	-100	-100	-47.7385	-32.205	-58	
1671	-64.9881	-100	-100	-100	-38.9959	0	-19.8589	
1672	-59.1407	-100	-100	0	-8.3563	-58	0	
1673	-51.5265	-100	-100	0	0	-9.58971	-58	
1674	-62.2112	-100	-100	0	-58	0	-28.9451	
1675	-59.7637	-100	-100	0	-48.4737	-58	0	
1676	-50.7041	-100	-100	0	-38.9081	0	-58	
1677	-62.2239	-100	-100	0	-10.4484	-58	-26.1413	
1678	-48.8604	-100	-100	-100	0	0	0	
1679	-48.2431	-100	-100	-100	-58	-58	-58	
1680	-61.1755	-100	-100	-100	-43.678	0	-9.20851	
1681	-53.2572	-100	-100	-100	-35.9037	-58	0	
1682	-49.6728	-100	-100	-100	0	0	-58	
1683	-60.7412	-100	-100	-100	-58	-58	-23.5176	
1684	-48.5522	-100	-100	-100	-44.3783	-3.4091	0	
1685	-54.3113	-100	-100	-100	-33.4283	0	-58	
1686	-60.5291	-100	-100	-100	0	-58	-20.684	
1687	-51.339	-100	-100	-100	-58	-15.5987	0	
1688	-53.8006	-100	-100	-100	-47.8596	0	-58	
1689	-65.8559	-100	-100	-100	-44.4133	-58	-15.5912	
1690	-53.8571	-100	-100	-100	-32.1676	-25.5176	0	
1691	-56.799	-100	-100	-100	0	0	-58	
1692	-64.588	-100	-100	-100	-58	-58	-29.7697	
1693	-51.4993	-100	-100	-100	-41.4826	-31.8654	0	
1694	-53.7123	-100	0	-100	-28.0464	0	-58	
1695	-61.6397	-100	0	-100	0	-58	-15.99	
1696	-56.8745	-100	0	-100	-58	-21.16	0	
1697	-55.2558	-100	0	-100	-47.036	0	-58	
1698	-61.9004	-100	0	-100	-36.3275	-58	-12.2987	
1699	-50.7084	-100	0	-100	0	-17.4753	0	
1700	-56.3817	-100	-100	-100	-58	0	-58	
1701	-65.8603	-100	-100	-100	-51.9906	-58	0	
1702	-52.2114	-100	-100	-100	-40.2668	-26.9375	-58	
1703	-65.8801	-100	-100	-100	-18.0413	0	-11.5432	
1704	-59.1362	-100	-100	-100	0	-58	0	
1705	-51.6601	-100	-100	-100	-58	-25.1316	-58	
1706	-67.6788	-100	-100	-100	-49.9919	0	-3.62413	
1707	-60.9205	-100	-100	-100	-45.0778	-58	0	
1708	-48.1661	-100	-100	-100	-36.3738	-29.4635	-58	
1709	-65.3982	-100	-100	-100	0	0	-24.826	
1710	-60.209	-100	-100	-100	-58	-58	0	
1711	-55.604	-100	-100	-100	-45.9112	-36.9803	-58	
1712	-64.963	-100	-100	-100	-38.7857	0	-11.4552	
1713	-61.9985	-100	-100	-100	-6.56208	-58	0	
1714	-49.7721	-100	-100	-100	0	-32.2966	-58	
1715	-63.3397	-100	-100	-100	-58	0	-26.5624	
1716	-56.5475	-100	-100	0	-52.0007	-58	0	
1717	-54.4652	-100	-100	0	-39.7038	-14.2473	-58	
1718	-63.3622	-100	-100	0	-20.0053	0	-25.2947	
1719	-62.0101	-100	-100	0	0	-58	0	
1720	-54.4642	-100	-100	0	-58	0	-58	
1721	-63.7679	-100	-100	0	-48.6823	-58	-15.5953	
1722	-47.6631	-100	-100	-100	-37.4776	0	0	
1723	-54.9111	-100	-100	-100	0	-58	-58	
1724	-53.8942	-100	-100	-100	-58	0	-25.0744	
1725	-61.1269	-100	-100	-100	-48.0181	-58	0	
1726	-45.1586	-100	-100	-100	-35.9762	0	-58	
1727	-61.0585	-100	-100	-100	0	-58	-20.9567	
1728	-52.7667	-100	-100	-100	-58	-7.33301	0	
1729	-56.5563	-100	-100	-100	-43.5695	0	-58	
1730	-59.8678	-100	-100	-100	-33.3958	-58	-16.3532	
1731	-50.889	-100	-100	-100	0	-22.4004	0	
1732	-55.6085	-100	-100	-100	-58	0	-58	
1733	-65.6544	-100	-100	-100	-50.1965	-58	-9.31141	
1734	-52.5263	-100	-100	-100	-36.6576	-27.8182	0	
1735	-55.8679	-100	-100	-100	0	0	-58	
1736	-65.0046	-100	-100	-100	-58	-58	-26.1191	
1737	-53.5975	-100	-100	-100	-44.2836	-30.8872	0	
1738	-57.5701	-100	-100	0	-34.8036	0	-58	
1739	-63.9775	-100	-100	0	0	-58	-25.342	
1740	-54.6826	-100	-100	0	-58	0	0	
1741	-54.5608	-100	-100	0	-49.0193	-58	-58	
1742	-55.3819	-100	-100	0	-40.3891	0	-14.6224	
1743	-53.9804	-100	-100	0	-23.3883	-58	0	
1744	-48.5685	-100	-100	-100	0	0	-58	
1745	-60.0061	-100	-100	-100	-58	-58	-31.6919	
1746	-51.3089	-100	-100	-100	-44.6388	0	0	
1747	-55.1416	-100	-100	-100	-34.3312	-58	-58	
1748	-51.9564	-100	-100	-100	0	0	-17.3093	
1749	-54.7702	-100	-100	-100	-58	-58	0	
1750	-55.6244	-100	-100	-100	-41.583	-5.15799	-58	
1751	-59.7276	-100	-100	-100	-23.7595	0	-13.0067	
1752	-61.2765	-100	-100	-100	0	-58	0	
1753	-50.1694	-100	-100	-100	-58	-17.6693	-58	
1754	-62.2141	-100	-100	-100	-45.8599	0	-8.08429	
1755	-58.0421	-100	-100	-100	-38.0937	-58	0	
1756	-51.2162	-100	-100	-100	0	-22.7045	-58	
1757	-62.6358	-100	-100	-100	-58	0	-20.9215	
1758	-60.0426	-100	-100	-100	-47.6034	-58	0	
1759	-54.3607	-100	-100	-100	-35.0745	-32.1574	-58	
1760	-60.811	-100	-100	0	0	0	-19.4768	
1761	-59.0389	-100	-100	0	-58	-58	0	
1762	-54.3238	-100	-100	0	-47.0349	-0.57607	-58	
1763	-63.3305	-100	-100	0	-41.2093	0	-17.5339	
1764	-55.1097	-100	-100	0	-30.9181	-58	0	
1765	-52.5978	-100	-100	0	0	0	-58	
1766	-60.6961	-100	-100	-100	-58	-58	-32.6843	
1767	-54.7674	-100	-100	-100	-44.3417	0	0	
1768	-55.0897	-100	-100	-100	-38.1628	-58	-58	
1769	-59.1129	-100	-100	-100	0	0	-21.1368	
1770	-56.7098	-100	-100	-100	-58	-58	0	
1771	-51.7172	-100	-100	-100	-40.3022	0	-58	
1772	-60.0523	-100	-100	-100	-23.3677	-58	-12.8136	
1773	-53.5896	-100	-100	-100	0	-9.09091	0	
1774	-53.0053	-100	-100	-100	-58	0	-58	
1775	-63.2714	-100	-100	-100	-46.5674	-58	-7.49485	
1776	-52.0669	-100	-100	-100	-35.6267	-22.3437	0	
1777	-51.8992	-100	-100	-100	0	0	-58	
1778	-61.2534	-100	-100	-100	-58	-58	-27.7224	
1779	-52.0151	-100	-100	-100	-44.0599	-29.0785	0	
1780	-54.3362	-100	-100	-100	-38.9817	0	-58	
1781	-64.808	-100	-100	-100	-10.742	-58	-23.3405	
